##NAMES=Calcite
##RRUFFID=R050009
##IDEAL CHEMISTRY=Ca(CO_3_)
##LOCALITY=Amparo mine, Rodeo, Durango, Mexico
##OWNER=RRUFF
##SOURCE=Eugene Schlepp
##DESCRIPTION=Colorless cleavage rhomb
##STATUS=The identification of this mineral has been confirmed by X-ray diffraction and chemical analysis
##URL=https://www.rruff.net/odr/rruff_sample/R050009
##MEASURED CHEMISTRY=Ca_1.00_CO_3_ ; trace amounts of Mn
##DIFFRACTION SAMPLE DESCRIPTION=Powder
##CELL PARAMETERS=a: 4.9892 b: 4.9892 c: 17.062 alpha: 90 beta: 90 gamma: 120 volume: 367.81 crystal system: hexagonal
##FILETYPE=Raman RAW
##RAMAN WAVELENGTH=785

83.76172, 28.95456
85.69019, 24.64261
87.61865, 23.83095
89.54712, 29.05987
91.47559, 32.56697
93.40405, 32.52623
95.33252, 31.25180
97.26099, 29.10873
99.18945, 26.99399
101.1179, 28.21481
103.0464, 33.85081
104.9749, 38.25513
106.9033, 39.83397
108.8318, 42.30525
110.7603, 46.26350
112.6887, 52.66011
114.6172, 62.39106
116.5457, 75.80387
118.4741, 92.91926
120.4026, 111.8302
122.3311, 140.5381
124.2595, 181.8368
126.1880, 233.8475
128.1165, 296.8404
130.0449, 370.6019
131.9734, 446.4328
133.9019, 521.4639
135.8303, 632.2375
137.7588, 770.1508
139.6873, 974.1774
141.6157, 1265.652
143.5442, 1623.403
145.4727, 2080.420
147.4011, 2593.937
149.3296, 2986.708
151.2581, 3251.171
153.1865, 3349.323
155.1150, 3218.484
157.0435, 2995.523
158.9719, 2713.524
160.9004, 2409.379
162.8289, 2135.694
164.7573, 1897.802
166.6858, 1693.197
168.6143, 1524.805
170.5427, 1387.912
172.4712, 1288.839
174.3997, 1209.903
176.3281, 1139.720
178.2566, 1079.129
180.1851, 1032.704
182.1135, 1005.349
184.0420, 976.1592
185.9705, 938.3889
187.8989, 909.4196
189.8274, 901.4868
191.7559, 900.3950
193.6843, 892.6401
195.6128, 880.3289
197.5413, 878.5611
199.4697, 891.4781
201.3982, 899.6234
203.3267, 897.1747
205.2551, 896.5383
207.1836, 902.9753
209.1121, 911.9224
211.0405, 920.4819
212.9690, 931.2242
214.8975, 947.9009
216.8259, 968.8958
218.7544, 986.8658
220.6829, 997.6430
222.6113, 1011.155
224.5398, 1031.511
226.4683, 1055.757
228.3967, 1080.490
230.3252, 1108.692
232.2537, 1144.038
234.1821, 1184.459
236.1106, 1230.634
238.0391, 1287.829
239.9675, 1351.760
241.8960, 1414.768
243.8245, 1486.583
245.7529, 1574.344
247.6814, 1678.627
249.6099, 1798.503
251.5383, 1933.124
253.4668, 2110.998
255.3953, 2342.121
257.3237, 2609.237
259.2522, 2894.678
261.1807, 3232.500
263.1091, 3644.871
265.0376, 4129.332
266.9661, 4687.697
268.8945, 5325.263
270.8230, 6057.383
272.7515, 6981.572
274.6799, 7844.005
276.6084, 8718.083
278.5369, 9340.618
280.4653, 9533.217
282.3938, 9363.959
284.3223, 8885.340
286.2507, 8154.729
288.1792, 7388.656
290.1077, 6622.199
292.0361, 5893.898
293.9646, 5208.327
295.8931, 4577.667
297.8215, 3987.221
299.7500, 3463.185
301.6785, 3038.722
303.6069, 2693.015
305.5354, 2402.633
307.4639, 2164.250
309.3924, 1954.365
311.3208, 1771.043
313.2493, 1610.370
315.1778, 1472.080
317.1062, 1359.200
319.0347, 1280.941
320.9632, 1221.308
322.8916, 1163.264
324.8201, 1110.068
326.7486, 1067.477
328.6770, 1033.618
330.6055, 1007.143
332.5340, 993.0535
334.4624, 979.5095
336.3909, 965.1756
338.3194, 950.1485
340.2478, 929.3769
342.1763, 908.5428
344.1048, 900.7889
346.0332, 905.8034
347.9617, 906.6438
349.8902, 898.3338
351.8186, 894.0829
353.7471, 896.0186
355.6756, 897.8649
357.6040, 901.6609
359.5325, 902.3632
361.4610, 892.8667
363.3894, 880.5167
365.3179, 875.8446
367.2464, 875.9938
369.1748, 866.0063
371.1033, 844.1053
373.0318, 825.9414
374.9602, 811.0768
376.8887, 796.7023
378.8172, 785.1118
380.7456, 771.1492
382.6741, 748.5589
384.6026, 723.2474
386.5310, 703.1889
388.4595, 688.4197
390.3880, 670.8106
392.3164, 648.4122
394.2449, 634.1215
396.1734, 631.6824
398.1018, 626.4021
400.0303, 611.1495
401.9588, 597.0544
403.8872, 587.8460
405.8157, 581.7277
407.7442, 580.7625
409.6726, 581.3391
411.6011, 572.3249
413.5296, 555.9156
415.4580, 545.0039
417.3865, 540.9654
419.3150, 538.2892
421.2434, 536.9592
423.1719, 535.0953
425.1004, 531.4698
427.0288, 528.4012
428.9573, 527.6708
430.8858, 527.2841
432.8142, 524.9492
434.7427, 521.7849
436.6712, 520.3254
438.5996, 520.6485
440.5281, 517.7797
442.4566, 507.5215
444.3850, 502.4193
446.3135, 506.3603
448.2420, 510.6469
450.1704, 514.2191
452.0989, 515.8777
454.0274, 514.1963
455.9558, 510.6917
457.8843, 505.6852
459.8128, 500.0972
461.7412, 499.0262
463.6697, 503.9681
465.5982, 504.2767
467.5266, 496.7380
469.4551, 495.3092
471.3836, 505.6428
473.3120, 511.9306
475.2405, 504.5879
477.1690, 497.8899
479.0974, 499.5385
481.0259, 504.5461
482.9544, 510.0394
484.8828, 515.5574
486.8113, 518.7636
488.7398, 518.9999
490.6682, 517.0640
492.5967, 513.4464
494.5252, 511.4720
496.4536, 511.0979
498.3821, 512.9447
500.3106, 520.4851
502.2390, 525.2257
504.1675, 522.0771
506.0960, 519.9970
508.0244, 525.6036
509.9529, 533.6202
511.8814, 536.5287
513.8098, 536.7798
515.7383, 539.4072
517.6667, 543.2635
519.5952, 546.7442
521.5237, 551.6425
523.4521, 554.6125
525.3806, 553.7548
527.3091, 548.4449
529.2375, 534.8805
531.1660, 526.1124
533.0945, 533.6549
535.0229, 543.0994
536.9514, 538.3727
538.8799, 525.9379
540.8083, 517.2925
542.7368, 514.4094
544.6653, 515.9379
546.5938, 519.4432
548.5222, 516.3707
550.4507, 506.7513
552.3792, 499.3601
554.3077, 492.0104
556.2361, 486.7617
558.1646, 487.6607
560.0931, 487.0845
562.0215, 478.6197
563.9500, 470.4151
565.8785, 469.3860
567.8069, 472.5894
569.7354, 474.3394
571.6639, 470.7106
573.5923, 464.9464
575.5208, 462.8918
577.4493, 463.8294
579.3777, 461.9788
581.3062, 455.7249
583.2347, 448.9793
585.1631, 446.6925
587.0916, 447.4941
589.0201, 448.0511
590.9485, 447.5019
592.8770, 446.4732
594.8055, 450.1982
596.7339, 454.0051
598.6624, 448.3449
600.5909, 438.0691
602.5193, 438.1556
604.4478, 448.8520
606.3763, 452.7334
608.3047, 445.9073
610.2332, 441.8067
612.1617, 445.0198
614.0901, 452.8099
616.0186, 462.2437
617.9471, 462.6267
619.8755, 449.3631
621.8040, 440.1639
623.7325, 445.9649
625.6609, 450.4236
627.5894, 443.1603
629.5179, 438.7114
631.4464, 447.2027
633.3748, 451.6588
635.3033, 443.1586
637.2318, 435.2069
639.1602, 434.7091
641.0887, 435.4441
643.0172, 430.7606
644.9456, 421.5995
646.8741, 416.2152
648.8026, 415.0582
650.7310, 410.1998
652.6595, 401.8838
654.5880, 397.5131
656.5164, 395.4558
658.4449, 389.7781
660.3734, 383.3300
662.3018, 380.4690
664.2303, 379.1622
666.1588, 377.2781
668.0872, 376.1617
670.0157, 373.2116
671.9442, 370.5824
673.8726, 373.6432
675.8011, 377.3128
677.7296, 380.6788
679.6580, 385.2729
681.5865, 391.0452
683.5150, 397.5188
685.4434, 405.6521
687.3719, 413.0241
689.3004, 421.2240
691.2288, 442.7159
693.1573, 479.7218
695.0858, 515.1647
697.0142, 548.1863
698.9427, 598.7249
700.8712, 668.1948
702.7996, 754.1985
704.7281, 883.3329
706.6566, 1043.065
708.5850, 1202.338
710.5135, 1320.449
712.4420, 1311.740
714.3704, 1216.019
716.2989, 1079.861
718.2274, 922.7403
720.1558, 793.9053
722.0843, 685.2255
724.0128, 598.6111
725.9412, 527.6469
727.8697, 451.0386
729.7982, 390.2975
731.7266, 354.5518
733.6551, 333.1472
735.5836, 318.9123
737.5120, 302.4841
739.4405, 281.1495
741.3690, 264.9685
743.2974, 261.8465
745.2259, 261.8692
747.1544, 253.9120
749.0828, 241.7720
751.0113, 233.3120
752.9398, 229.1944
754.8682, 225.5114
756.7967, 222.1030
758.7252, 222.3610
760.6536, 222.4765
762.5821, 216.9919
764.5106, 210.5356
766.4390, 210.4009
768.3675, 213.6882
770.2960, 212.2644
772.2244, 206.4012
774.1529, 203.6297
776.0814, 205.8934
778.0098, 207.0400
779.9383, 204.3032
781.8668, 202.4247
783.7952, 201.9267
785.7237, 198.4013
787.6522, 195.3311
789.5806, 197.1667
791.5091, 200.3896
793.4376, 199.6708
795.3660, 195.4056
797.2945, 194.6927
799.2230, 198.1392
801.1514, 197.9876
803.0799, 194.3495
805.0084, 194.7499
806.9368, 198.7224
808.8653, 199.5808
810.7938, 198.7786
812.7222, 199.4759
814.6507, 198.8204
816.5792, 196.2609
818.5076, 193.4379
820.4361, 192.3962
822.3646, 195.3065
824.2930, 198.5663
826.2215, 197.1737
828.1500, 194.1708
830.0784, 194.6474
832.0069, 196.7365
833.9354, 197.0715
835.8638, 194.8301
837.7923, 190.2143
839.7208, 187.7926
841.6492, 190.0221
843.5777, 190.8884
845.5062, 188.4450
847.4346, 185.8883
849.3631, 183.0684
851.2916, 181.4729
853.2200, 181.6398
855.1485, 182.0564
857.0770, 183.1512
859.0054, 185.2389
860.9339, 189.1665
862.8624, 192.1351
864.7908, 189.5912
866.7193, 185.7849
868.6478, 185.5238
870.5762, 186.3132
872.5047, 189.3914
874.4332, 194.9035
876.3616, 198.1004
878.2901, 199.8927
880.2186, 201.2680
882.1470, 201.4885
884.0755, 201.3295
886.0040, 200.6579
887.9324, 202.0263
889.8609, 206.8830
891.7894, 212.0948
893.7178, 215.7739
895.6463, 218.7335
897.5748, 222.0551
899.5032, 224.3142
901.4317, 224.6225
903.3602, 224.2044
905.2886, 224.3082
907.2171, 227.8529
909.1456, 234.0417
911.0740, 238.5758
913.0025, 241.7302
914.9310, 245.5163
916.8594, 249.6946
918.7879, 253.5804
920.7164, 257.3461
922.6448, 260.3046
924.5733, 262.3846
926.5018, 263.7072
928.4302, 263.8047
930.3587, 266.0130
932.2872, 270.8705
934.2156, 277.3820
936.1441, 285.5368
938.0726, 294.1478
940.0010, 303.9002
941.9295, 309.0089
943.8580, 308.0410
945.7864, 310.9819
947.7149, 318.8525
949.6434, 324.6841
951.5718, 327.7011
953.5003, 332.3629
955.4288, 338.7140
957.3572, 347.2764
959.2857, 359.5881
961.2142, 366.9429
963.1426, 367.5651
965.0711, 371.3377
966.9996, 378.1996
968.9280, 386.1580
970.8565, 395.3519
972.7850, 409.7765
974.7134, 431.1789
976.6419, 440.3496
978.5704, 434.5972
980.4988, 438.6704
982.4273, 454.7397
984.3558, 471.0468
986.2842, 486.9558
988.2127, 498.4992
990.1412, 504.5114
992.0696, 511.1838
993.9981, 520.9115
995.9266, 535.6870
997.8550, 552.7608
999.7835, 567.7720
1001.712, 582.1005
1003.640, 598.1171
1005.569, 616.9033
1007.497, 637.6470
1009.426, 656.8662
1011.354, 668.6553
1013.283, 677.6639
1015.211, 696.7914
1017.140, 721.0833
1019.068, 734.9844
1020.997, 743.0715
1022.925, 757.9653
1024.854, 777.5090
1026.782, 795.2614
1028.710, 811.1385
1030.639, 832.8919
1032.567, 861.8551
1034.496, 881.0740
1036.424, 890.0732
1038.353, 913.1581
1040.281, 948.2173
1042.210, 973.1251
1044.138, 995.7930
1046.067, 1035.399
1047.995, 1091.813
1049.924, 1159.033
1051.852, 1239.587
1053.781, 1353.923
1055.709, 1495.079
1057.638, 1641.393
1059.566, 1796.968
1061.495, 1945.661
1063.423, 2119.951
1065.351, 2336.993
1067.280, 2619.234
1069.208, 2945.509
1071.137, 3419.921
1073.065, 4075.843
1074.994, 5026.203
1076.922, 6311.406
1078.851, 7788.271
1080.779, 9744.726
1082.708, 11127.10
1084.636, 11504.72
1086.565, 11242.34
1088.493, 10358.08
1090.422, 9312.229
1092.350, 8054.935
1094.278, 6870.264
1096.207, 5727.041
1098.135, 4853.367
1100.064, 4405.369
1101.992, 4167.052
1103.921, 4168.391
1105.849, 4223.278
1107.778, 4318.058
1109.706, 4451.089
1111.635, 4614.544
1113.563, 4739.229
1115.492, 4833.450
1117.420, 4949.550
1119.349, 5070.616
1121.277, 5145.422
1123.205, 5176.090
1125.134, 5223.805
1127.062, 5286.707
1128.991, 5312.139
1130.919, 5307.957
1132.848, 5310.664
1134.776, 5318.923
1136.705, 5356.002
1138.633, 5422.227
1140.562, 5473.796
1142.490, 5530.126
1144.419, 5637.413
1146.347, 5767.747
1148.276, 5904.838
1150.204, 6059.444
1152.132, 6227.592
1154.061, 6394.045
1155.989, 6558.380
1157.918, 6741.713
1159.846, 6942.350
1161.775, 7137.442
1163.703, 7325.940
1165.632, 7538.303
1167.560, 7777.605
1169.489, 8015.393
1171.417, 8247.562
1173.346, 8461.922
1175.274, 8665.355
1177.203, 8844.734
1179.131, 8993.509
1181.059, 9134.414
1182.988, 9253.185
1184.916, 9364.371
1186.845, 9489.222
1188.773, 9583.314
1190.702, 9631.501
1192.630, 9624.528
1194.559, 9600.838
1196.487, 9621.961
1198.416, 9646.121
1200.344, 9643.557
1202.273, 9636.064
1204.201, 9619.955
1206.130, 9584.124
1208.058, 9539.335
1209.986, 9478.798
1211.915, 9384.025
1213.843, 9259.698
1215.772, 9128.451
1217.700, 8979.239
1219.629, 8786.508
1221.557, 8597.994
1223.486, 8430.408
1225.414, 8254.617
1227.343, 8070.364
1229.271, 7883.379
1231.200, 7699.486
1233.128, 7532.581
1235.057, 7384.970
1236.985, 7304.217
1238.913, 7271.958
1240.842, 7216.132
1242.770, 7171.019
1244.699, 7189.912
1246.627, 7244.947
1248.556, 7310.705
1250.484, 7399.078
1252.413, 7539.229
1254.341, 7690.751
1256.270, 7820.364
1258.198, 7939.027
1260.127, 8049.750
1262.055, 8187.651
1263.984, 8357.350
1265.912, 8523.646
1267.840, 8683.705
1269.769, 8886.036
1271.697, 9131.075
1273.626, 9375.461
1275.554, 9628.406
1277.483, 9957.313
1279.411, 10338.97
1281.340, 10710.28
1283.268, 11100.21
1285.197, 11557.63
1287.125, 12003.23
1289.054, 12386.05
1290.982, 12741.99
1292.911, 13112.77
1294.839, 13393.12
1296.767, 13569.37
1298.696, 13614.92
1300.624, 13521.52
1302.553, 13320.51
1304.481, 13012.92
1306.410, 12597.41
1308.338, 12086.05
1310.267, 11554.61
1312.195, 11015.56
1314.124, 10472.50
1316.052, 9950.830
1317.981, 9461.053
1319.909, 9034.250
1321.838, 8715.112
1323.766, 8420.774
1325.694, 8103.630
1327.623, 7852.506
1329.551, 7692.315
1331.480, 7571.032
1333.408, 7495.395
1335.337, 7397.532
1337.265, 7280.289
1339.194, 7185.689
1341.122, 7119.509
1343.051, 7106.507
1344.979, 7123.155
1346.908, 7151.531
1348.836, 7164.567
1350.765, 7116.357
1352.693, 7117.492
1354.621, 7224.459
1356.550, 7328.585
1358.478, 7404.825
1360.407, 7488.337
1362.335, 7581.884
1364.264, 7693.319
1366.192, 7822.399
1368.121, 7967.091
1370.049, 8120.766
1371.978, 8271.655
1373.906, 8425.015
1375.835, 8595.483
1377.763, 8753.967
1379.692, 8882.179
1381.620, 9003.184
1383.548, 9131.034
1385.477, 9209.482
1387.405, 9230.276
1389.334, 9215.113
1391.262, 9163.592
1393.191, 9061.332
1395.119, 8915.438
1397.048, 8726.239
1398.976, 8520.548
1400.905, 8313.160
1402.833, 8127.715
1404.762, 7994.090
1406.690, 7857.249
1408.619, 7700.750
1410.547, 7550.192
1412.475, 7407.639
1414.404, 7300.874
1416.332, 7228.173
1418.261, 7178.801
1420.189, 7145.917
1422.118, 7116.978
1424.046, 7098.583
1425.975, 7095.013
1427.903, 7107.747
1429.832, 7140.685
1431.760, 7185.225
1433.689, 7245.329
1435.617, 7290.810
1437.546, 7321.401
1439.474, 7373.701
1441.402, 7441.660
1443.331, 7503.336
1445.259, 7568.904
1447.188, 7656.329
1449.116, 7743.877
1451.045, 7803.804
1452.973, 7887.241
1454.902, 8028.331
1456.830, 8147.857
1458.759, 8237.700
1460.687, 8359.689
1462.616, 8500.509
1464.544, 8585.969
1466.473, 8662.522
1468.401, 8804.769
1470.329, 8947.664
1472.258, 9053.517
1474.186, 9141.695
1476.115, 9206.481
1478.043, 9297.979
1479.972, 9425.081
1481.900, 9515.159
1483.829, 9573.161
1485.757, 9617.233
1487.686, 9644.886
1489.614, 9623.581
1491.543, 9636.668
1493.471, 9755.141
1495.400, 9824.562
1497.328, 9790.460
1499.256, 9799.047
1501.185, 9858.447
1503.113, 9817.207
1505.042, 9730.545
1506.970, 9750.144
1508.899, 9794.027
1510.827, 9775.339
1512.756, 9763.813
1514.684, 9783.783
1516.613, 9815.553
1518.541, 9856.539
1520.470, 9881.731
1522.398, 9891.738
1524.327, 9889.222
1526.255, 9883.947
1528.183, 9875.591
1530.112, 9896.480
1532.040, 9985.668
1533.969, 10049.74
1535.897, 10065.59
1537.826, 10114.24
1539.754, 10194.72
1541.683, 10250.63
1543.611, 10278.10
1545.540, 10257.55
1547.468, 10226.22
1549.397, 10212.65
1551.325, 10200.54
1553.254, 10192.11
1555.182, 10151.82
1557.110, 10076.17
1559.039, 9939.461
1560.967, 9791.683
1562.896, 9749.335
1564.824, 9727.902
1566.753, 9653.262
1568.681, 9580.463
1570.610, 9526.129
1572.538, 9469.680
1574.467, 9412.430
1576.395, 9404.800
1578.324, 9411.735
1580.252, 9352.295
1582.181, 9283.268
1584.109, 9251.860
1586.037, 9222.182
1587.966, 9176.855
1589.894, 9155.634
1591.823, 9157.678
1593.751, 9159.991
1595.680, 9155.339
1597.608, 9133.816
1599.537, 9098.331
1601.465, 9033.839
1603.394, 8990.914
1605.322, 8987.240
1607.251, 8995.364
1609.179, 9010.748
1611.108, 8997.251
1613.036, 8967.087
1614.964, 8906.044
1616.893, 8897.490
1618.821, 9010.599
1620.750, 9101.628
1622.678, 9144.509
1624.607, 9193.493
1626.535, 9243.992
1628.464, 9267.189
1630.392, 9304.246
1632.321, 9385.789
1634.249, 9496.688
1636.178, 9639.354
1638.106, 9769.879
1640.035, 9886.909
1641.963, 10014.17
1643.891, 10143.93
1645.820, 10266.23
1647.748, 10379.85
1649.677, 10481.37
1651.605, 10592.21
1653.534, 10716.66
1655.462, 10758.48
1657.391, 10763.49
1659.319, 10896.26
1661.248, 11003.82
1663.176, 10942.09
1665.105, 10881.84
1667.033, 10863.31
1668.962, 10805.32
1670.890, 10711.78
1672.818, 10630.02
1674.747, 10548.54
1676.675, 10469.56
1678.604, 10352.01
1680.532, 10180.27
1682.461, 9999.081
1684.389, 9809.645
1686.318, 9578.150
1688.246, 9336.918
1690.175, 9145.311
1692.103, 8940.457
1694.032, 8687.209
1695.960, 8442.489
1697.889, 8211.435
1699.817, 7988.126
1701.745, 7768.661
1703.674, 7547.479
1705.602, 7326.307
1707.531, 7097.236
1709.459, 6890.925
1711.388, 6709.188
1713.316, 6541.964
1715.245, 6379.656
1717.173, 6202.771
1719.102, 6029.134
1721.030, 5861.426
1722.959, 5724.889
1724.887, 5621.466
1726.816, 5500.357
1728.744, 5381.293
1730.672, 5309.548
1732.601, 5241.290
1734.529, 5147.785
1736.458, 5056.628
1738.386, 4969.883
1740.315, 4902.574
1742.243, 4854.900
1744.172, 4835.896
1746.100, 4816.754
1748.029, 4795.486
1749.957, 4726.975
1751.886, 4610.703
1753.814, 4501.304
1755.743, 4398.295
1757.671, 4294.516
1759.599, 4211.818
1761.528, 4166.878
1763.456, 4114.871
1765.385, 4051.413
1767.313, 3961.945
1769.242, 3867.018
1771.170, 3785.767
1773.099, 3718.054
1775.027, 3665.246
1776.956, 3619.450
1778.884, 3575.718
1780.813, 3519.956
1782.741, 3452.975
1784.670, 3367.605
1786.598, 3300.382
1788.526, 3259.566
1790.455, 3225.266
1792.383, 3190.894
1794.312, 3140.475
1796.240, 3090.985
1798.169, 3051.138
1800.097, 3006.853
1802.026, 2960.212
1803.954, 2948.837
1805.883, 2951.433
1807.811, 2924.413
1809.740, 2937.280
1811.668, 3012.274
1813.597, 3070.702
1815.525, 3111.445
1817.453, 3137.120
1819.382, 3186.316
1821.310, 3315.669
1823.239, 3410.326
1825.167, 3462.144
1827.096, 3549.074
1829.024, 3653.175
1830.953, 3742.564
1832.881, 3843.402
1834.810, 3969.288
1836.738, 4091.372
1838.667, 4193.006
1840.595, 4221.780
1842.524, 4221.253
1844.452, 4240.461
1846.380, 4194.576
1848.309, 4078.306
1850.237, 3953.534
1852.166, 3813.753
1854.094, 3653.290
1856.023, 3470.074
1857.951, 3255.162
1859.880, 3052.050
1861.808, 2862.272
1863.737, 2690.240
1865.665, 2530.793
1867.594, 2383.661
1869.522, 2238.781
1871.451, 2098.039
1873.379, 1999.144
1875.307, 1902.914
1877.236, 1756.920
1879.164, 1661.333
1881.093, 1647.095
1883.021, 1599.151
1884.950, 1534.508
1886.878, 1469.971
1888.807, 1415.596
1890.735, 1381.534
1892.664, 1341.520
1894.592, 1294.343
1896.521, 1242.232
1898.449, 1201.506
1900.378, 1183.067
1902.306, 1146.601
1904.234, 1095.698
1906.163, 1084.757
1908.091, 1071.489
1910.020, 1018.088
1911.948, 976.3850
1913.877, 955.7309
1915.805, 933.1959
1917.734, 908.4899
1919.662, 885.0049
1921.591, 874.9230
1923.519, 877.0757
1925.448, 843.0497
1927.376, 794.6185
1929.305, 762.0724
1931.233, 741.9543
1933.161, 733.2894
1935.090, 733.3316
1937.018, 731.2115
1938.947, 695.5043
1940.875, 672.7056
1942.804, 682.6255
1944.732, 666.0980
1946.661, 636.8687
1948.589, 632.8997
1950.518, 632.6359
1952.446, 631.8331
1954.375, 615.7933
1956.303, 588.7314
1958.232, 565.3015
1960.160, 551.8840
1962.089, 559.8740
1964.017, 554.5090
1965.945, 537.5237
1967.874, 528.2733
1969.802, 520.2010
1971.731, 499.9862
1973.659, 498.4138
1975.588, 511.3540
1977.516, 500.9616
1979.445, 485.2953
1981.373, 479.4234
1983.302, 465.6064
1985.230, 446.4139
1987.159, 431.8542
1989.087, 422.5939
1991.016, 423.4232
1992.944, 422.6624
1994.872, 419.6819
1996.801, 414.0685
1998.729, 407.4623
2000.658, 402.2601
2002.586, 394.1527
2004.515, 385.2760
2006.443, 379.4521
2008.372, 375.5136
2010.300, 373.4534
2012.229, 363.5686
2014.157, 351.6072
2016.086, 341.9811
2018.014, 334.0084
2019.943, 332.0201
2021.871, 331.4056
2023.799, 328.8613
2025.728, 319.3572
2027.656, 309.3509
2029.585, 300.4548
2031.513, 293.8117
2033.442, 290.1221
2035.370, 297.9289
2037.299, 301.1418
2039.227, 294.3094
2041.156, 286.6814
2043.084, 279.7625
2045.013, 272.3907
2046.941, 270.9124
2048.870, 277.0678
2050.798, 279.8126
2052.727, 276.4465
2054.655, 259.5385
2056.583, 252.0961
2058.512, 255.0494
2060.440, 248.3869
2062.369, 242.8603
2064.297, 252.6705
2066.226, 248.6803
2068.154, 235.3754
2070.083, 236.7379
2072.011, 237.9410
2073.940, 229.3221
2075.868, 227.9523
2077.797, 230.3041
2079.725, 225.6671
2081.654, 222.7656
2083.582, 225.4676
2085.510, 225.7573
2087.439, 223.4465
2089.367, 217.0443
2091.296, 216.2380
2093.224, 222.0187
2095.153, 210.2537
2097.081, 199.9398
2099.010, 209.1222
2100.938, 211.2428
2102.867, 206.5740
2104.795, 204.7585
2106.724, 202.2008
2108.652, 196.7934
2110.581, 194.8033
2112.509, 195.4966
2114.438, 199.1663
2116.366, 198.7640
2118.294, 192.3264
2120.223, 187.3534
2122.151, 184.5227
2124.080, 184.8174
2126.008, 183.3470
2127.937, 180.6774
2129.865, 180.9570
2131.794, 183.4332
2133.722, 187.7137
2135.651, 192.2539
2137.579, 194.4836
2139.508, 187.1683
2141.436, 180.8151
2143.365, 178.5990
2145.293, 185.2220
2147.221, 190.2584
2149.150, 187.3466
2151.078, 182.5697
2153.007, 177.8806
2154.935, 178.3370
2156.864, 177.4086
2158.792, 173.5889
2160.721, 166.6353
2162.649, 160.5308
2164.578, 160.7666
2166.506, 160.2402
2168.435, 158.7897
2170.363, 158.5376
2172.292, 157.6923
2174.220, 155.6910
2176.148, 152.0560
2178.077, 147.8716
2180.005, 144.2677
2181.934, 143.6227
2183.862, 145.8895
2185.791, 144.3488
2187.719, 140.4461
2189.648, 136.2945
2191.576, 135.4881
2193.505, 135.3208
2195.433, 140.4108
2197.362, 143.6580
2199.290, 142.5074
2201.219, 140.0376
2203.147, 137.8242
2205.075, 135.3840
2207.004, 132.0690
2208.932, 129.5234
2210.861, 125.4536
2212.789, 129.1928
2214.718, 139.9101
2216.646, 139.1083
2218.575, 136.0050
2220.503, 138.6065
2222.432, 135.4674
2224.360, 128.5383
2226.289, 131.5023
2228.217, 131.5497
2230.146, 126.4292
2232.074, 132.7718
2234.002, 139.5572
2235.931, 142.1327
2237.859, 135.0628
2239.788, 126.6816
2241.716, 125.3818
2243.645, 130.1187
2245.573, 136.5097
2247.502, 138.1965
2249.430, 132.8180
2251.359, 122.1402
2253.287, 124.6653
2255.216, 128.0804
2257.144, 125.3006
2259.073, 124.9104
2261.001, 126.2579
2262.929, 124.7103
2264.858, 121.9859
2266.786, 117.4795
2268.715, 116.2742
2270.643, 117.5802
2272.572, 115.9641
2274.500, 117.2356
2276.429, 120.2474
2278.357, 114.1798
2280.286, 109.1360
2282.214, 109.2560
2284.143, 116.8410
2286.071, 120.2619
2288.000, 119.4876
2289.928, 116.8448
2291.856, 112.9119
2293.785, 108.4939
2295.713, 109.2977
2297.642, 112.1619
2299.570, 105.9050
2301.499, 101.9072
2303.427, 104.0529
2305.356, 108.7602
2307.284, 110.2593
2309.213, 110.5949
2311.141, 106.0090
2313.070, 105.1135
2314.998, 110.3087
2316.927, 108.3371
2318.855, 106.1428
2320.783, 107.6628
2322.712, 107.5816
2324.640, 105.2763
2326.569, 107.2569
2328.497, 107.2296
2330.426, 101.8486
2332.354, 104.6042
2334.283, 106.3756
2336.211, 100.6311
2338.140, 100.9711
2340.068, 100.1462
2341.997, 98.47395
2343.925, 100.1271
2345.854, 96.23982
2347.782, 94.06023
2349.710, 98.06048
2351.639, 98.13049
2353.567, 96.80164
2355.496, 94.80566
2357.424, 88.08994
2359.353, 92.36378
2361.281, 97.40683
2363.210, 93.64092
2365.138, 88.56824
2367.067, 88.88802
2368.995, 91.12014
2370.924, 91.12258
2372.852, 92.97987
2374.781, 87.08665
2376.709, 84.94905
2378.637, 90.36680
2380.566, 88.63669
2382.494, 88.35397
2384.423, 87.83825
2386.351, 85.69707
2388.280, 86.08464
2390.208, 84.47146
2392.137, 82.42574
2394.065, 80.16602
2395.994, 77.72126
2397.922, 80.50092
2399.851, 82.93012
2401.779, 83.33677
2403.708, 79.78909
2405.636, 81.35057
2407.564, 81.79889
2409.493, 79.42162
2411.421, 81.64225
2413.350, 81.47279
2415.278, 78.39905
2417.207, 81.14346
2419.135, 88.78111
2421.064, 84.92515
2422.992, 79.44357
2424.921, 80.37721
2426.849, 79.78600
2428.778, 82.43793
2430.706, 84.67400
2432.635, 89.79455
2434.563, 91.05933
2436.491, 87.01228
2438.420, 88.90789
2440.348, 92.80402
2442.277, 89.97951
2444.205, 98.18198
2446.134, 106.8249
2448.062, 106.0614
2449.991, 110.2089
2451.919, 116.8783
2453.848, 123.2512
2455.776, 119.2448
2457.705, 116.4939
2459.633, 119.2797
2461.562, 118.8598
2463.490, 123.7685
2465.418, 122.1085
2467.347, 118.3654
2469.275, 117.6530
2471.204, 109.5360
2473.132, 103.0302
2475.061, 100.4522
2476.989, 94.40462
2478.918, 90.20856
2480.846, 87.13120
2482.775, 83.58705
2484.703, 80.73064
2486.632, 74.25062
2488.560, 72.93137
2490.489, 76.33100
2492.417, 80.56840
2494.345, 73.83905
2496.274, 68.15350
2498.202, 75.05516
2500.131, 73.79674
2502.059, 65.86617
2503.988, 63.40145
2505.916, 64.56575
2507.845, 65.07158
2509.773, 68.79948
2511.702, 71.03345
2513.630, 68.97481
2515.559, 59.27053
2517.487, 55.19666
2519.416, 56.02911
2521.344, 66.40077
2523.272, 63.53801
2525.201, 54.78735
2527.129, 61.53020
2529.058, 64.54155
2530.986, 63.02545
2532.915, 59.09439
2534.843, 59.10436
2536.772, 60.24907
2538.700, 60.43126
2540.629, 61.38389
2542.557, 62.55230
2544.486, 61.19640
2546.414, 58.56603
2548.343, 56.32738
2550.271, 56.30363
2552.199, 54.11531
2554.128, 51.70266
2556.056, 54.47491
2557.985, 53.30241
2559.913, 51.16154
2561.842, 56.59143
2563.770, 57.10451
2565.699, 55.36135
2567.627, 54.60877
2569.556, 53.81148
2571.484, 53.94650
2573.413, 55.79237
2575.341, 51.24013
2577.270, 47.05877
2579.198, 52.47821
2581.126, 51.12056
2583.055, 47.67233
2584.983, 48.70920
2586.912, 50.27703
2588.840, 50.91864
2590.769, 49.97857
2592.697, 50.92191
2594.626, 52.89360
2596.554, 55.21328
2598.483, 49.99040
2600.411, 46.67710
2602.340, 51.00063
2604.268, 49.79975
2606.197, 48.76653
2608.125, 51.10475
2610.053, 46.94822
2611.982, 43.63295
2613.910, 44.68430
2615.839, 47.90714
2617.767, 48.38414
2619.696, 44.96680
2621.624, 45.18658
2623.553, 43.51685
2625.481, 39.94202
2627.410, 43.53702
2629.338, 45.27532
2631.267, 43.61673
2633.195, 37.82911
2635.124, 39.83864
2637.052, 45.86020
2638.980, 45.32172
2640.909, 39.96171
2642.837, 34.97355
2644.766, 39.70782
2646.694, 41.19110
2648.623, 41.66151
2650.551, 44.30239
2652.480, 45.81334
2654.408, 44.80462
2656.337, 39.50329
2658.265, 38.49437
2660.194, 40.17731
2662.122, 42.48306
2664.051, 35.85860
2665.979, 35.19377
2667.907, 42.45396
2669.836, 44.13068
2671.764, 44.39024
2673.693, 44.24681
2675.621, 42.41791
2677.550, 38.10438
2679.478, 35.19101
2681.407, 33.64460
2683.335, 32.82790
2685.264, 32.24091
2687.192, 36.52561
2689.121, 38.11729
2691.049, 39.28513
2692.978, 40.10028
2694.906, 39.07249
2696.834, 38.93945
2698.763, 37.37743
2700.691, 38.03239
2702.620, 40.04840
2704.548, 35.60093
2706.477, 32.97572
2708.405, 34.68301
2710.334, 35.63273
2712.262, 38.45590
2714.191, 37.98210
2716.119, 34.25332
2718.048, 34.80956
2719.976, 36.51905
2721.905, 36.40830
2723.833, 30.22959
2725.761, 30.51459
2727.690, 35.12104
2729.618, 35.68339
2731.547, 35.04560
2733.475, 36.72017
2735.404, 37.00185
2737.332, 40.23278
2739.261, 38.88177
2741.189, 34.25498
2743.118, 35.44636
2745.046, 37.99271
2746.975, 36.32765
2748.903, 37.09474
2750.832, 35.99382
2752.760, 34.82723
2754.688, 35.06568
2756.617, 37.53254
2758.545, 39.94097
2760.474, 43.84381
2762.402, 41.68339
2764.331, 39.29087
2766.259, 36.86296
2768.188, 35.11024
2770.116, 35.52241
2772.045, 33.72919
2773.973, 31.70950
2775.902, 32.24944
2777.830, 37.50522
2779.759, 36.12063
2781.687, 31.41824
2783.615, 32.65305
2785.544, 34.34908
2787.472, 34.66550
2789.401, 35.56774
2791.329, 32.46645
2793.258, 32.09270
2795.186, 36.77413
2797.115, 35.64931
2799.043, 27.05226
2800.972, 30.58077
2802.900, 36.61027
2804.829, 37.83014
2806.757, 30.03915
2808.686, 28.92086
2810.614, 31.55213
2812.542, 36.09657
2814.471, 34.86700
2816.399, 31.75267
2818.328, 31.22800
2820.256, 33.42675
2822.185, 35.29073
2824.113, 33.43021
2826.042, 29.94709
2827.970, 28.82110
2829.899, 31.49056
2831.827, 35.54123
2833.756, 36.91867
2835.684, 33.53218
2837.613, 27.53729
2839.541, 30.15825
2841.469, 34.72703
2843.398, 37.58048
2845.326, 37.16975
2847.255, 33.31161
2849.183, 33.12080
2851.112, 34.86436
2853.040, 35.94202
2854.969, 37.72533
2856.897, 38.19865
2858.826, 38.10234
2860.754, 36.34072
2862.683, 32.29913
2864.611, 26.80101
2866.540, 27.39325
2868.468, 33.32307
2870.396, 32.81871
2872.325, 26.76783
2874.253, 29.31532
2876.182, 31.84956
2878.110, 29.83938
2880.039, 30.93585
2881.967, 30.23009
2883.896, 34.29347
2885.824, 30.65283
2887.753, 28.74244
2889.681, 30.01449
2891.610, 35.16353
2893.538, 35.71897
2895.467, 37.27642
2897.395, 33.49908
2899.323, 29.48796
2901.252, 33.20885
2903.180, 36.36926
2905.109, 34.12111
2907.037, 33.13292
2908.966, 31.12796
2910.894, 30.30577
2912.823, 32.80270
2914.751, 32.85369
2916.680, 30.60139
2918.608, 34.96433
2920.537, 36.88930
2922.465, 34.04363
2924.394, 29.99738
2926.322, 32.62405
2928.250, 35.00701
2930.179, 38.58794
2932.107, 40.95845
2934.036, 42.58058
2935.964, 44.54816
2937.893, 45.46117
2939.821, 39.79518
2941.750, 42.13072
2943.678, 45.79317
2945.607, 38.04704
2947.535, 33.45830
2949.464, 34.46644
2951.392, 37.31807
2953.321, 40.78773
2955.249, 38.58375
2957.177, 37.10333
2959.106, 39.18895
2961.034, 44.04893
2962.963, 45.65017
2964.891, 42.35154
2966.820, 41.22651
2968.748, 40.99384
2970.677, 40.86329
2972.605, 42.35989
2974.534, 46.85821
2976.462, 44.81815
2978.391, 43.39769
2980.319, 47.37991
2982.248, 46.88119
2984.176, 41.56101
2986.104, 36.63118
2988.033, 40.94310
2989.961, 46.50605
2991.890, 47.15868
2993.818, 40.77703
2995.747, 44.08834
2997.675, 47.70462
2999.604, 48.19579
3001.532, 46.58383
3003.461, 51.25577
3005.389, 50.30806
3007.318, 47.86115
3009.246, 54.38799
3011.175, 51.25103
3013.103, 50.78512
3015.031, 55.79219
3016.960, 63.74079
3018.888, 58.67206
3020.817, 54.61567
3022.745, 62.52092
3024.674, 63.02957
3026.602, 58.09682
3028.531, 56.95053
3030.459, 69.34428
3032.388, 61.22524
3034.316, 57.12183
3036.245, 60.82447
3038.173, 64.79902
3040.102, 62.53313
3042.030, 64.80775
3043.958, 73.45993
3045.887, 73.01385
3047.815, 70.54559
3049.744, 69.09048
3051.672, 68.84381
3053.601, 70.44427
3055.529, 79.87258
3057.458, 83.82548
3059.386, 73.00001
3061.315, 77.18813
3063.243, 80.41422
3065.172, 80.93241
3067.100, 80.86884
3069.029, 84.89262
3070.957, 94.73034
3072.885, 101.6099
3074.814, 91.10388
3076.742, 91.47063
3078.671, 93.83563
3080.599, 95.39175
3082.528, 96.91214
3084.456, 92.97114
3086.385, 97.37320
3088.313, 109.7075
3090.242, 117.0323
3092.170, 116.4930
3094.099, 118.7635
3096.027, 124.4228
3097.956, 122.0598
3099.884, 120.2357
3101.813, 123.9916
3103.741, 131.5487
3105.669, 135.1363
3107.598, 146.0000
3109.526, 149.3384
3111.455, 140.3988
3113.383, 146.0564
3115.312, 144.9469
3117.240, 146.3521
3119.169, 154.0262
3121.097, 154.0010
3123.026, 161.0147
3124.954, 167.6453
3126.883, 171.8705
3128.811, 186.6484
3130.740, 181.9282
3132.668, 178.2859
3134.596, 190.1082
3136.525, 198.5484
3138.453, 208.0772
3140.382, 211.5163
3142.310, 210.8578
3144.239, 232.6782
3146.167, 237.5074
3148.096, 245.0664
3150.024, 266.8715
3151.953, 274.1917
3153.881, 282.4566
3155.810, 292.7532
3157.738, 306.7624
3159.667, 319.1335
3161.595, 332.8293
3163.523, 354.6969
3165.452, 375.9816
3167.380, 368.1214
3169.309, 368.9532
3171.237, 382.5712
3173.166, 392.5251
3175.094, 376.0636
3177.023, 389.1819
3178.951, 409.7142
3180.880, 425.0364
3182.808, 422.2820
3184.737, 428.2058
3186.665, 434.3188
3188.594, 439.1118
3190.522, 448.2104
3192.450, 451.1576
3194.379, 461.2662
3196.307, 478.1406
3198.236, 500.5487
3200.164, 515.2204
3202.093, 516.8018
3204.021, 524.7672
3205.950, 544.1693
3207.878, 535.3386
3209.807, 538.5305
3211.735, 549.3036
3213.664, 554.6577
3215.592, 560.7685
3217.521, 545.2255
3219.449, 540.6166
3221.377, 546.9784
3223.306, 525.3207
3225.234, 520.5819
3227.163, 514.8215
3229.091, 507.3260
3231.020, 499.2255
3232.948, 498.9258
3234.877, 494.0046
3236.805, 494.9945
3238.734, 498.1862
3240.662, 496.7487
3242.591, 480.7093
3244.519, 472.7619
3246.448, 466.6244
3248.376, 454.1884
3250.304, 468.9454
3252.233, 470.4098
3254.161, 465.0238
3256.090, 468.0436
3258.018, 461.9551
3259.947, 465.1631
3261.875, 469.4288
3263.804, 476.1484
3265.732, 484.3285
3267.661, 499.5844
3269.589, 519.5525
3271.518, 530.7787
3273.446, 519.7705
3275.375, 535.1695
3277.303, 540.6676
3279.231, 535.8825
3281.160, 531.9237
3283.088, 535.3669
3285.017, 552.0815
3286.945, 547.6376
3288.874, 521.3231
3290.802, 513.2980
3292.731, 514.8817
3294.659, 496.3798
3296.588, 475.5522
3298.516, 470.6896
3300.445, 460.8508
3302.373, 441.7279
3304.302, 428.4580
3306.230, 428.1937
3308.158, 418.6860
3310.087, 404.0635
3312.015, 407.9272
3313.944, 416.2463
3315.872, 408.3691
3317.801, 398.5009
3319.729, 402.1305
3321.658, 394.7772
3323.586, 380.8532
3325.515, 406.6848
3327.443, 417.5354
3329.372, 409.2697
3331.300, 416.7831
3333.229, 454.0492
3335.157, 431.8459
3337.085, 444.1149
3339.014, 462.9627
3340.942, 477.5959
3342.871, 489.4371
3344.799, 487.9460
3346.728, 466.8271
3348.656, 456.9230
3350.585, 461.9696
3352.513, 444.1078
3354.442, 445.6429
3356.370, 432.1122
3358.299, 416.5269
3360.227, 409.9839
3362.156, 377.6960
3364.084, 358.7288
3366.012, 355.9381
3367.941, 357.1223
3369.869, 352.0293
3371.798, 361.6830
3373.726, 351.0511
3375.655, 339.1880
3377.583, 340.2589
3379.512, 352.7822
3381.440, 353.5420
3383.369, 355.2965
3385.297, 354.2666
3387.226, 349.2823
3389.154, 348.4192
3391.083, 339.2995
3393.011, 331.1161
3394.939, 320.2350
3396.868, 305.2318
3398.796, 291.9870
3400.725, 283.5734
3402.653, 268.6516
3404.582, 259.2101
3406.510, 263.5028
3408.439, 264.6508
3410.367, 252.5491
3412.296, 247.4715
3414.224, 245.9041
3416.153, 241.8830
3418.081, 246.8082
3420.010, 232.5353
3421.938, 235.4468
3423.866, 246.0900
3425.795, 244.8112
3427.723, 235.6584
3429.652, 218.8177
3431.580, 225.9833
3433.509, 235.6731
3435.437, 224.2729
3437.366, 213.8001
3439.294, 202.6351
3441.223, 211.9073
3443.151, 215.0350
3445.080, 196.3386
3447.008, 207.4832
3448.937, 190.3110
3450.865, 177.7394
3452.793, 175.6416
3454.722, 174.9158
3456.650, 162.8194
3458.579, 147.6360
3460.507, 134.8295
3462.436, 130.6996
3464.364, 132.6982
3466.293, 128.0083
3468.221, 135.1538
3470.150, 126.1271
3472.078, 116.4967
3474.007, 115.8131
3475.935, 116.5143
3477.864, 100.2604
3479.792, 104.3774
3481.720, 109.6214
3483.649, 108.0302
3485.577, 105.1935
3487.506, 98.79294
3489.434, 96.81709
3491.363, 99.63551
3493.291, 99.27668
3495.220, 92.20685
3497.148, 94.62315
3499.077, 83.94799
3501.005, 87.09874
3502.934, 90.09357
3504.862, 82.97623
3506.791, 78.45371
3508.719, 72.96850
3510.647, 74.13100
3512.576, 75.49651
3514.504, 73.12773
3516.433, 68.38457
3518.361, 74.92564
3520.290, 71.04778
3522.218, 68.57076
3524.147, 68.43829
3526.075, 66.48193
3528.004, 59.26070
3529.932, 67.57622
3531.861, 67.77699
3533.789, 68.63502
3535.718, 72.08395
3537.646, 70.56815
3539.574, 72.14433
3541.503, 70.75625
3543.431, 73.23376
3545.360, 72.27912
3547.288, 65.50650
3549.217, 65.34252
3551.145, 61.06419
3553.074, 68.31378
3555.002, 70.25098
3556.931, 67.44946
3558.859, 70.58928
3560.788, 74.72851
3562.716, 67.15185
3564.645, 71.54581
3566.573, 70.99030
3568.501, 61.60881
3570.430, 59.71206
3572.358, 62.94724
3574.287, 63.24307
3576.215, 57.75821
3578.144, 56.02311
3580.072, 59.68231
3582.001, 55.51346
3583.929, 46.16186
3585.858, 49.72142
3587.786, 58.00394
3589.715, 61.24922
3591.643, 56.50790
3593.572, 47.97260
3595.500, 48.94664
3597.428, 44.42563
3599.357, 47.45914
3601.285, 51.85566
3603.214, 47.22215
3605.142, 43.33289
3607.071, 47.84006
3608.999, 46.15479
3610.928, 48.36769
3612.856, 48.90455
3614.785, 42.07880
3616.713, 50.02542
3618.642, 48.39772
3620.570, 46.11931
3622.499, 45.71583
3624.427, 44.48288
3626.355, 42.07364
3628.284, 45.64532
3630.212, 37.06923
3632.141, 44.90821
3634.069, 39.06444
3635.998, 29.33175
3637.926, 31.87581
3639.855, 30.28605
3641.783, 33.49094
3643.712, 33.64272
3645.640, 29.47926
3647.569, 27.48954
3649.497, 27.89704
3651.426, 23.16244
3653.354, 24.73290
3655.282, 21.97853
3657.211, 22.12406
3659.139, 22.56453
3661.068, 20.06921
3662.996, 17.00780
3664.925, 26.05156
3666.853, 19.63174
3668.782, 18.97030
3670.710, 15.90119
3672.639, 15.65627
3674.567, 22.88898
3676.496, 18.16493
3678.424, 12.73151
3680.353, 10.54370
3682.281, 15.78753
3684.209, 17.58850
3686.138, 12.97900
3688.066, 11.54335
3689.995, 20.49036
3691.923, 13.30000
3693.852, 16.16055
3695.780, 18.60472
3697.709, 16.52629
3699.637, 15.99579
3701.566, 21.03936
3703.494, 12.50185
3705.423, 19.94264
3707.351, 11.94737
3709.280, 9.355680
3711.208, 15.08800
3713.136, 13.37008
3715.065, 12.83848
3716.993, 21.22891
3718.922, 23.03504
3720.850, 16.62623
3722.779, 10.16107
3724.707, 11.47495
3726.636, 18.90843
3728.564, 14.12420
3730.493, 14.81829
3732.421, 17.39380
3734.350, 15.25602
3736.278, 8.640751
3738.207, 8.343594
3740.135, 19.26278
3742.063, 9.206233
3743.992, 6.319094
3745.920, 18.81656
3747.849, 10.74957
3749.777, 5.702900
3751.706, 10.91257
3753.634, 5.989040
3755.563, 3.616505
3757.491, 10.39504
3759.420, 8.847209
3761.348, 8.804933
3763.277, 9.180045
3765.205, 11.11443
3767.134, 15.11777
3769.062, 10.16165
3770.990, 13.66882
3772.919, 7.677067
3774.847, 7.628439
3776.776, 11.63532
3778.704, 12.93191
3780.633, 12.45867
3782.561, 15.51991
3784.490, 9.080274
3786.418, 5.260653
3788.347, 13.00057
3790.275, 11.28511
3792.204, 9.003321
3794.132, 11.88611
3796.061, 14.23908
3797.989, 18.31075
3799.917, 1.863797
3801.846, 8.907042
3803.774, 19.83288
3805.703, 15.98055
3807.631, 11.31827
3809.560, 13.36780
3811.488, 10.02579
3813.417, 6.592576
3815.345, 1.951111
3817.274, 8.085059
3819.202, 7.454769
3821.131, -0.6066055
3823.059, -0.2028244
3824.988, 7.028948
3826.916, 0.2991008
3828.844, 3.245577
3830.773, 6.711367
3832.701, 10.41788
3834.630, 13.68732
3836.558, 11.49970
3838.487, 7.233336
3840.415, 5.893039
3842.344, 8.015168
3844.272, 14.99307
3846.201, 18.23289
3848.129, 11.94907
3850.058, 12.27342
3851.986, 6.805005
3853.915, 3.093550
3855.843, 6.088085
3857.771, 8.399369
3859.700, 12.17769
3861.628, 2.869024
3863.557, 8.261552
3865.485, 7.983640
3867.414, 11.63041
3869.342, 12.40498
3871.271, 9.988828
3873.199, 9.693577
3875.128, 9.805766
3877.056, 17.52347
3878.985, 13.68234
3880.913, 7.922293
3882.842, 4.023227
3884.770, 6.943107
3886.698, 10.78745
3888.627, 7.638935
3890.555, 2.830529
3892.484, 13.41030
3894.412, 8.324975
3896.341, 13.26644
3898.269, 11.42576
3900.198, 8.113692
3902.126, 11.67529
3904.055, 12.26457
3905.983, 7.036715
3907.912, 4.352170
3909.840, 5.830214
3911.769, 3.957975
3913.697, 7.520963
3915.625, 6.810407
3917.554, 5.010488
3919.482, 2.015988
3921.411, 5.674016
3923.339, 8.990847
3925.268, 6.015096
3927.196, 6.278055
3929.125, 8.236061
3931.053, 2.872192
3932.982, 1.370687
3934.910, 6.685566
3936.839, 4.690967
3938.767, 8.628226
3940.696, 9.758212
3942.624, 6.589491
3944.552, 8.110738
3946.481, 8.123188
3948.409, 8.310944
3950.338, 4.290557
3952.266, 7.001796
3954.195, 10.01945
3956.123, 8.011414
3958.052, 4.222128
3959.980, 7.526811
3961.909, 11.22206
3963.837, 8.080776
3965.766, 8.255356
3967.694, 10.03287
3969.623, 10.05192
3971.551, 11.84261
3973.479, 12.26000
3975.408, 12.98386
3977.336, 9.225214
3979.265, 5.047828
3981.193, 5.236397
3983.122, 4.144200
3985.050, 1.443241
3986.979, 11.85316
3988.907, 12.41183
3990.836, 11.05436
3992.764, 4.962917
3994.693, 7.465135
3996.621, 5.658510
3998.550, 4.110154
4000.478, 3.693296
4002.406, 5.638294
4004.335, 8.269031
4006.263, 5.132198
4008.192, -1.824056
4010.120, 13.62391
4012.049, 1.332385
4013.977, 5.001904
4015.906, 5.736388
4017.834, 9.443143
4019.763, 7.716721
4021.691, 7.892105
4023.620, 5.662450
4025.548, 2.797611
4027.477, 3.675215
4029.405, 2.241610
4031.333, 4.091581
4033.262, 6.064373
4035.190, 6.062551
4037.119, 7.500256
4039.047, 12.58131
4040.976, 6.725955
4042.904, -4.303214
4044.833, -7.973671
4046.761, -3.656124
4048.690, -0.3541892
4050.618, 0.5333069
4052.547, 5.433348
4054.475, 9.875179
4056.404, -1.698353
4058.332, 3.925612
4060.260, -0.8402352
4062.189, -5.619570
4064.117, -4.732775
4066.046, -5.183009
4067.974, 0.7687577
4069.903, 5.348302
4071.831, -0.1126694
4073.760, -7.732584
4075.688, -6.313872
4077.617, -0.1851972
4079.545, 0.5482602
4081.474, 3.529327
4083.402, -1.906415
4085.331, 9.841709
4087.259, 1.703214
4089.188, -0.8628535
4091.116, 6.126501
4093.044, 8.889376
4094.973, 4.662884
4096.901, 10.52304
4098.830, 12.34952
4100.758, 6.877620
4102.687, 4.041284
4104.615, 4.779953
4106.544, 6.194252
4108.472, 3.906096
4110.401, -0.1468417
4112.329, 12.18485
4114.258, 3.473039
4116.186, 0.1312343
4118.115, 1.029647
4120.043, 7.470105
4121.972, 3.113526
4123.900, 7.636616
4125.829, 9.406487
4127.757, 9.176237
4129.686, 6.220295
4131.614, 0.4592649
4133.542, -1.852311
4135.471, 0.5896376
4137.399, 5.126365
4139.328, 7.733445
4141.256, 0.1644614
4143.185, -2.220314
4145.113, 6.099460
4147.042, -1.781424
4148.970, 7.045454
4150.898, 4.931328
4152.827, 5.825679
4154.755, 7.368234
4156.684, -0.2712489
4158.612, 5.681942
4160.541, 0.4063091
4162.469, 1.836129
4164.398, 7.901443
4166.326, 6.079207
4168.255, 2.974804
4170.183, 0.5368371
4172.112, 2.018349
4174.040, -0.4725494
4175.969, -3.759868
4177.897, 5.947635
4179.826, 6.570802
4181.754, 0.5929392
4183.683, -0.4953632
4185.611, 5.928418
4187.540, 0.2577159
4189.468, 8.653398
4191.396, 7.636981
4193.325, 7.702229
4195.253, -0.8302432
4197.182, -2.034518
4199.110, 0.9114734
4201.039, 2.726496
4202.967, 6.197776
4204.896, 10.88949
4206.824, -0.1121796
4208.752, -13.48394
4210.681, -3.583044
4212.609, 3.155792
4214.538, -2.282538
4216.466, -1.930307
4218.395, 2.118249
4220.323, 2.103776
4222.252, 2.131461
4224.180, 8.211605
4226.109, 4.413846
4228.037, 10.22327
4229.966, 9.735036
4231.894, 1.580992
4233.823, -1.081090
4235.751, 9.442839
4237.680, 1.851113
4239.608, 6.068770
4241.537, 9.204011
4243.465, 5.203772
4245.394, 9.270059
4247.322, 5.977117
4249.250, 2.955158
4251.179, -1.502817
4253.107, -2.399438
4255.036, -0.6517264
4256.964, 2.668145
4258.893, 6.003851
4260.821, 4.072507
4262.750, 0.7396423
4264.678, -0.9725182
4266.606, 1.405409
4268.535, -2.444784
4270.463, -1.443578
4272.392, 4.356974
4274.320, 1.779990
4276.249, -3.950667
4278.177, -2.695842
4280.106, -6.018094
4282.034, 5.777965
4283.963, -3.981443
4285.891, 3.434972
4287.820, 8.494508
4289.748, 5.949444
4291.677, 18.51587
4293.605, 15.46162
4295.534, -0.6157016
4297.462, 6.609944
4299.391, 11.28491
4301.319, 5.829367
4303.248, 4.177819
4305.176, 6.539748
4307.104, 1.947618
4309.033, 12.15401
4310.961, 12.64551
4312.890, 9.811488
4314.818, 8.999475
4316.747, -2.806886
4318.675, -2.983372
4320.604, 2.713224
##END=



