##NAMES=Gypsum
##RRUFFID=R060509
##IDEAL CHEMISTRY=Ca(SO_4_)·2H_2_O
##LOCALITY=Pierre Shale, Hermosa, Custer County, South Dakota, USA
##OWNER=RRUFF
##SOURCE=Michael Scott
##DESCRIPTION=Colorless tabular single crystal
##STATUS=The identification of this mineral has been confirmed by X-ray diffraction
##URL=https://www.rruff.net/odr/rruff_sample/R060509
##DIFFRACTION SAMPLE DESCRIPTION=Powder
##CELL PARAMETERS=a: 5.6707 b: 15.199 c: 6.5215 alpha: 90 beta: 118.42 gamma: 90 volume: 494.32 crystal system: monoclinic
##FILETYPE=Raman RAW
##RAMAN WAVELENGTH=780

76.87793, 13170.06
78.80640, 12788.23
80.73486, 12647.10
82.66333, 12841.48
84.59180, 13218.89
86.52026, 13604.03
88.44873, 13995.31
90.37720, 14226.98
92.30566, 14065.91
94.23413, 13275.91
96.16260, 12369.07
98.09106, 11808.38
100.0195, 11392.18
101.9480, 11087.39
103.8765, 10933.44
105.8049, 11021.26
107.7334, 11099.58
109.6619, 11155.64
111.5903, 11136.09
113.5188, 10954.88
115.4473, 10614.56
117.3757, 10278.82
119.3042, 9835.030
121.2327, 9551.043
123.1611, 9467.063
125.0896, 9596.739
127.0181, 9962.466
128.9465, 10557.73
130.8750, 11211.60
132.8035, 12141.20
134.7319, 12815.36
136.6604, 12973.74
138.5889, 12911.65
140.5173, 12903.59
142.4458, 12947.35
144.3743, 13014.03
146.3027, 13393.29
148.2312, 13387.34
150.1597, 12723.47
152.0881, 11754.11
154.0166, 10669.09
155.9451, 9499.910
157.8735, 8536.284
159.8020, 7830.095
161.7305, 7277.562
163.6589, 6889.077
165.5874, 6646.688
167.5159, 6539.345
169.4443, 6558.773
171.3728, 6692.526
173.3013, 6961.271
175.2297, 7329.728
177.1582, 7881.815
179.0867, 8428.048
181.0151, 8978.157
182.9436, 9420.063
184.8721, 9528.918
186.8005, 9229.418
188.7290, 8802.297
190.6575, 8151.728
192.5859, 7546.965
194.5144, 7070.571
196.4429, 6716.337
198.3713, 6493.988
200.2998, 6406.919
202.2283, 6434.077
204.1567, 6575.899
206.0852, 6808.874
208.0137, 7205.922
209.9421, 7608.156
211.8706, 7984.192
213.7991, 8288.159
215.7275, 8319.822
217.6560, 8063.927
219.5845, 7702.157
221.5129, 7187.052
223.4414, 6690.408
225.3699, 6270.376
227.2983, 5917.272
229.2268, 5622.057
231.1553, 5387.653
233.0837, 5199.019
235.0122, 5063.879
236.9407, 4952.697
238.8691, 4861.383
240.7976, 4785.033
242.7261, 4724.039
244.6545, 4676.518
246.5830, 4634.855
248.5115, 4598.401
250.4399, 4573.473
252.3684, 4568.843
254.2969, 4564.483
256.2253, 4552.344
258.1538, 4537.667
260.0823, 4525.291
262.0107, 4515.557
263.9392, 4509.867
265.8677, 4507.898
267.7961, 4511.402
269.7246, 4525.229
271.6531, 4539.194
273.5815, 4548.347
275.5100, 4554.583
277.4385, 4558.979
279.3669, 4562.273
281.2954, 4574.222
283.2239, 4600.785
285.1523, 4627.800
287.0808, 4652.610
289.0093, 4676.563
290.9377, 4696.062
292.8662, 4716.958
294.7947, 4750.543
296.7231, 4797.677
298.6516, 4849.661
300.5801, 4901.485
302.5085, 4963.819
304.4370, 5038.848
306.3655, 5125.469
308.2939, 5230.846
310.2224, 5345.533
312.1509, 5453.591
314.0793, 5562.996
316.0078, 5627.747
317.9363, 5647.907
319.8647, 5623.778
321.7932, 5539.341
323.7217, 5423.303
325.6501, 5286.036
327.5786, 5138.520
329.5071, 5016.118
331.4355, 4927.476
333.3640, 4844.174
335.2925, 4758.051
337.2209, 4687.264
339.1494, 4641.555
341.0779, 4608.854
343.0063, 4581.167
344.9348, 4557.807
346.8633, 4536.778
348.7917, 4519.943
350.7202, 4503.237
352.6487, 4496.365
354.5771, 4491.425
356.5056, 4488.570
358.4341, 4485.713
360.3625, 4479.239
362.2910, 4472.486
364.2195, 4474.326
366.1479, 4476.091
368.0764, 4495.322
370.0049, 4494.265
371.9333, 4504.146
373.8618, 4527.077
375.7903, 4567.876
377.7188, 4628.356
379.6472, 4706.390
381.5757, 4800.636
383.5042, 4911.322
385.4326, 5030.586
387.3611, 5161.417
389.2896, 5284.814
391.2180, 5386.434
393.1465, 5498.932
395.0750, 5606.342
397.0034, 5755.806
398.9319, 5970.409
400.8604, 6266.167
402.7888, 6691.216
404.7173, 7233.159
406.6458, 8005.583
408.5742, 9028.188
410.5027, 10276.71
412.4312, 12150.08
414.3596, 13784.79
416.2881, 14899.87
418.2166, 15345.57
420.1450, 14599.97
422.0735, 12855.25
424.0020, 11171.82
425.9304, 9564.958
427.8589, 8241.059
429.7874, 7314.525
431.7158, 6601.244
433.6443, 6097.832
435.5728, 5734.073
437.5012, 5476.459
439.4297, 5310.229
441.3582, 5200.111
443.2866, 5143.417
445.2151, 5113.140
447.1436, 5106.943
449.0720, 5127.160
451.0005, 5168.926
452.9290, 5241.389
454.8574, 5342.806
456.7859, 5481.165
458.7144, 5662.047
460.6428, 5888.465
462.5713, 6176.644
464.4998, 6528.120
466.4282, 6880.142
468.3567, 7213.427
470.2852, 7573.138
472.2136, 7908.359
474.1421, 8342.717
476.0706, 8847.771
477.9990, 9546.991
479.9275, 10478.61
481.8560, 11708.86
483.7844, 13377.41
485.7129, 15478.55
487.6414, 18120.86
489.5698, 21768.50
491.4983, 25220.95
493.4268, 29392.83
495.3552, 32076.12
497.2837, 32410.96
499.2122, 31028.99
501.1406, 27758.60
503.0691, 23507.36
504.9976, 19688.10
506.9260, 16306.29
508.8545, 13538.77
510.7830, 11507.41
512.7114, 9848.725
514.6399, 8614.913
516.5684, 7647.853
518.4968, 6973.971
520.4253, 6461.523
522.3538, 6064.583
524.2822, 5754.062
526.2107, 5513.774
528.1392, 5335.872
530.0676, 5190.807
531.9961, 5081.823
533.9246, 4992.243
535.8530, 4923.571
537.7815, 4868.576
539.7100, 4828.209
541.6384, 4796.394
543.5669, 4765.974
545.4954, 4748.446
547.4238, 4753.666
549.3523, 4774.614
551.2808, 4802.888
553.2092, 4837.875
555.1377, 4875.366
557.0662, 4914.992
558.9946, 4965.951
560.9231, 5030.561
562.8516, 5099.139
564.7800, 5165.647
566.7085, 5242.754
568.6370, 5335.263
570.5654, 5438.453
572.4939, 5550.122
574.4224, 5669.947
576.3508, 5797.155
578.2793, 5932.866
580.2078, 6081.684
582.1362, 6242.726
584.0647, 6401.554
585.9932, 6554.638
587.9216, 6717.013
589.8501, 6897.596
591.7786, 7078.077
593.7070, 7250.612
595.6355, 7425.866
597.5640, 7597.431
599.4924, 7785.452
601.4209, 8000.409
603.3494, 8253.752
605.2778, 8550.989
607.2063, 8899.771
609.1348, 9341.330
611.0632, 9880.424
612.9917, 10492.84
614.9202, 11243.01
616.8486, 11929.63
618.7771, 12673.74
620.7056, 13141.18
622.6340, 13273.57
624.5625, 13038.87
626.4910, 12295.25
628.4194, 11267.63
630.3479, 10088.99
632.2764, 8868.394
634.2048, 7810.793
636.1333, 6919.432
638.0618, 6185.333
639.9902, 5624.492
641.9187, 5171.125
643.8472, 4847.040
645.7756, 4588.849
647.7041, 4412.668
649.6326, 4271.103
651.5610, 4153.457
653.4895, 4063.143
655.4180, 4012.436
657.3464, 3980.402
659.2749, 3951.294
661.2034, 3926.568
663.1318, 3908.422
665.0603, 3896.981
666.9888, 3894.580
668.9172, 3902.980
670.8457, 3902.632
672.7742, 3891.593
674.7026, 3879.092
676.6311, 3865.059
678.5596, 3850.498
680.4880, 3834.255
682.4165, 3820.399
684.3450, 3811.582
686.2734, 3804.653
688.2019, 3801.766
690.1304, 3796.210
692.0588, 3778.118
693.9873, 3755.557
695.9158, 3742.657
697.8442, 3737.125
699.7727, 3730.606
701.7012, 3722.993
703.6296, 3713.825
705.5581, 3702.823
707.4866, 3695.132
709.4150, 3691.956
711.3435, 3688.593
713.2720, 3685.057
715.2004, 3678.795
717.1289, 3666.417
719.0574, 3655.068
720.9858, 3647.423
722.9143, 3641.787
724.8428, 3636.375
726.7712, 3633.306
728.6997, 3637.509
730.6282, 3643.969
732.5566, 3643.322
734.4851, 3637.733
736.4136, 3632.319
738.3420, 3627.689
740.2705, 3629.071
742.1990, 3636.427
744.1274, 3639.550
746.0559, 3635.952
747.9844, 3636.021
749.9128, 3646.884
751.8413, 3649.193
753.7698, 3631.687
755.6982, 3619.083
757.6267, 3620.374
759.5552, 3624.247
761.4836, 3626.304
763.4121, 3628.549
765.3406, 3633.895
767.2690, 3638.539
769.1975, 3637.358
771.1260, 3633.779
773.0544, 3632.470
774.9829, 3632.109
776.9114, 3627.965
778.8398, 3621.821
780.7683, 3626.475
782.6968, 3642.698
784.6252, 3647.568
786.5537, 3636.417
788.4822, 3630.455
790.4106, 3631.277
792.3391, 3635.553
794.2676, 3648.210
796.1960, 3654.974
798.1245, 3649.266
800.0530, 3647.619
801.9814, 3657.080
803.9099, 3666.785
805.8384, 3672.280
807.7668, 3676.465
809.6953, 3679.862
811.6238, 3683.757
813.5522, 3689.484
815.4807, 3695.361
817.4092, 3698.719
819.3376, 3701.854
821.2661, 3709.281
823.1946, 3712.675
825.1230, 3723.029
827.0515, 3724.639
828.9800, 3731.155
830.9084, 3741.721
832.8369, 3745.248
834.7654, 3741.691
836.6938, 3738.253
838.6223, 3735.012
840.5508, 3730.994
842.4792, 3728.574
844.4077, 3722.940
846.3362, 3723.520
848.2646, 3722.746
850.1931, 3720.405
852.1216, 3713.135
854.0500, 3697.047
855.9785, 3683.774
857.9070, 3679.000
859.8354, 3674.340
861.7639, 3668.585
863.6924, 3660.421
865.6208, 3642.672
867.5493, 3631.111
869.4778, 3641.166
871.4063, 3652.556
873.3347, 3651.933
875.2632, 3643.450
877.1917, 3625.391
879.1201, 3606.976
881.0486, 3601.639
882.9771, 3601.291
884.9055, 3595.045
886.8340, 3584.568
888.7625, 3571.126
890.6909, 3556.591
892.6194, 3545.926
894.5479, 3537.335
896.4763, 3524.321
898.4048, 3508.570
900.3333, 3499.630
902.2617, 3496.504
904.1902, 3485.127
906.1187, 3465.218
908.0471, 3455.333
909.9756, 3456.973
911.9041, 3460.791
913.8325, 3466.951
915.7610, 3471.980
917.6895, 3474.769
919.6179, 3478.440
921.5464, 3484.639
923.4749, 3488.533
925.4033, 3488.707
927.3318, 3489.874
929.2603, 3492.157
931.1887, 3496.136
933.1172, 3501.153
935.0457, 3509.815
936.9741, 3525.445
938.9026, 3537.687
940.8311, 3540.792
942.7595, 3547.290
944.6880, 3562.001
946.6165, 3578.929
948.5449, 3596.544
950.4734, 3614.491
952.4019, 3628.865
954.3303, 3651.099
956.2588, 3689.424
958.1873, 3731.662
960.1157, 3766.049
962.0442, 3811.160
963.9727, 3874.572
965.9011, 3955.310
967.8296, 4041.949
969.7581, 4160.022
971.6865, 4286.675
973.6150, 4498.956
975.5435, 4777.398
977.4719, 5251.396
979.4004, 6030.960
981.3289, 7035.631
983.2573, 8363.174
985.1858, 9695.717
987.1143, 10711.00
989.0427, 11630.27
990.9712, 12339.66
992.8997, 13424.11
994.8281, 15000.17
996.7566, 17799.06
998.6851, 22077.63
1000.614, 28606.08
1002.542, 38594.82
1004.470, 51036.14
1006.399, 68354.27
1008.327, 83905.14
1010.256, 90965.72
1012.184, 89610.05
1014.113, 75918.98
1016.041, 57541.59
1017.970, 42759.21
1019.898, 31233.20
1021.827, 23170.47
1023.755, 17526.70
1025.684, 13354.93
1027.612, 10323.58
1029.541, 8201.754
1031.469, 6747.267
1033.397, 5783.583
1035.326, 5150.438
1037.254, 4713.548
1039.183, 4409.174
1041.111, 4184.739
1043.040, 4015.781
1044.968, 3880.377
1046.897, 3773.398
1048.825, 3694.925
1050.754, 3635.037
1052.682, 3585.621
1054.611, 3543.589
1056.539, 3504.592
1058.468, 3471.339
1060.396, 3450.616
1062.324, 3433.652
1064.253, 3407.009
1066.181, 3382.271
1068.110, 3375.369
1070.038, 3373.514
1071.967, 3363.186
1073.895, 3351.602
1075.824, 3345.241
1077.752, 3341.679
1079.681, 3340.087
1081.609, 3338.574
1083.538, 3333.066
1085.466, 3329.850
1087.395, 3333.030
1089.323, 3341.622
1091.251, 3357.931
1093.180, 3375.391
1095.108, 3389.283
1097.037, 3403.226
1098.965, 3419.883
1100.894, 3436.827
1102.822, 3450.334
1104.751, 3467.344
1106.679, 3485.644
1108.608, 3516.786
1110.536, 3564.921
1112.465, 3628.309
1114.393, 3709.808
1116.322, 3800.378
1118.250, 3900.081
1120.178, 4002.295
1122.107, 4090.357
1124.035, 4208.529
1125.964, 4350.312
1127.892, 4560.038
1129.821, 4834.673
1131.749, 5210.636
1133.678, 5704.539
1135.606, 6280.716
1137.535, 6985.857
1139.463, 7617.263
1141.392, 8210.049
1143.320, 8471.961
1145.249, 8360.399
1147.177, 7969.051
1149.105, 7270.695
1151.034, 6568.204
1152.962, 5872.871
1154.891, 5291.755
1156.819, 4829.469
1158.748, 4457.421
1160.676, 4172.390
1162.605, 3950.733
1164.533, 3786.859
1166.462, 3649.781
1168.390, 3539.305
1170.319, 3459.075
1172.247, 3404.423
1174.176, 3365.525
1176.104, 3337.690
1178.032, 3312.180
1179.961, 3289.238
1181.889, 3269.799
1183.818, 3252.521
1185.746, 3233.962
1187.675, 3218.706
1189.603, 3214.223
1191.532, 3211.203
1193.460, 3203.077
1195.389, 3193.612
1197.317, 3183.010
1199.246, 3175.418
1201.174, 3174.271
1203.103, 3173.238
1205.031, 3169.168
1206.959, 3166.885
1208.888, 3168.708
1210.816, 3170.317
1212.745, 3170.860
1214.673, 3170.216
1216.602, 3167.593
1218.530, 3170.671
1220.459, 3173.588
1222.387, 3185.998
1224.316, 3184.850
1226.244, 3188.580
1228.173, 3196.499
1230.101, 3193.106
1232.030, 3181.181
1233.958, 3177.829
1235.886, 3179.856
1237.815, 3178.701
1239.743, 3175.281
1241.672, 3171.369
1243.600, 3166.477
1245.529, 3157.615
1247.457, 3150.374
1249.386, 3154.467
1251.314, 3157.225
1253.243, 3146.713
1255.171, 3135.606
1257.100, 3126.666
1259.028, 3125.144
1260.957, 3141.121
1262.885, 3149.231
1264.813, 3137.711
1266.742, 3132.023
1268.670, 3137.145
1270.599, 3138.623
1272.527, 3134.280
1274.456, 3137.788
1276.384, 3149.742
1278.313, 3153.584
1280.241, 3152.177
1282.170, 3170.232
1284.098, 3199.220
1286.027, 3211.530
1287.955, 3215.989
1289.884, 3227.812
1291.812, 3241.764
1293.740, 3253.713
1295.669, 3263.211
1297.597, 3270.104
1299.526, 3274.098
1301.454, 3273.673
1303.383, 3273.165
1305.311, 3272.720
1307.240, 3276.548
1309.168, 3286.318
1311.097, 3297.991
1313.025, 3311.632
1314.954, 3324.492
1316.882, 3336.471
1318.811, 3351.898
1320.739, 3370.240
1322.667, 3388.501
1324.596, 3403.914
1326.524, 3404.979
1328.453, 3400.202
1330.381, 3406.532
1332.310, 3410.424
1334.238, 3391.219
1336.167, 3374.385
1338.095, 3380.033
1340.024, 3383.982
1341.952, 3377.461
1343.881, 3371.222
1345.809, 3367.902
1347.738, 3363.643
1349.666, 3357.823
1351.594, 3357.634
1353.523, 3362.466
1355.451, 3359.350
1357.380, 3349.280
1359.308, 3336.393
1361.237, 3322.543
1363.165, 3312.153
1365.094, 3301.516
1367.022, 3282.424
1368.951, 3266.345
1370.879, 3267.584
1372.808, 3264.040
1374.736, 3244.195
1376.665, 3221.662
1378.593, 3197.617
1380.521, 3174.958
1382.450, 3153.242
1384.378, 3141.255
1386.307, 3138.463
1388.235, 3133.937
1390.164, 3127.701
1392.092, 3117.990
1394.021, 3109.649
1395.949, 3111.213
1397.878, 3115.346
1399.806, 3115.632
1401.735, 3116.564
1403.663, 3122.217
1405.592, 3125.497
1407.520, 3124.093
1409.448, 3121.510
1411.377, 3117.837
1413.305, 3115.285
1415.234, 3113.819
1417.162, 3112.405
1419.091, 3109.847
1421.019, 3099.872
1422.948, 3088.376
1424.876, 3084.119
1426.805, 3083.210
1428.733, 3086.856
1430.662, 3084.146
1432.590, 3066.093
1434.519, 3057.280
1436.447, 3065.160
1438.375, 3071.748
1440.304, 3074.903
1442.232, 3066.115
1444.161, 3068.021
1446.089, 3061.646
1448.018, 3057.039
1449.946, 3048.469
1451.875, 3035.397
1453.803, 3026.084
1455.732, 3020.279
1457.660, 3016.193
1459.589, 3020.346
1461.517, 3037.386
1463.446, 3042.643
1465.374, 3033.742
1467.302, 3022.606
1469.231, 3012.758
1471.159, 3020.241
1473.088, 3010.727
1475.016, 3021.295
1476.945, 3008.799
1478.873, 3016.898
1480.802, 3023.967
1482.730, 3016.234
1484.659, 3013.566
1486.587, 3021.134
1488.516, 3024.244
1490.444, 3022.341
1492.373, 3019.722
1494.301, 3017.892
1496.229, 3023.562
1498.158, 3029.746
1500.086, 3025.542
1502.015, 3022.261
1503.943, 3032.754
1505.872, 3035.824
1507.800, 3018.756
1509.729, 3009.470
1511.657, 3010.581
1513.586, 3014.435
1515.514, 3019.316
1517.443, 3013.565
1519.371, 3004.120
1521.300, 3002.093
1523.228, 3002.619
1525.156, 3004.409
1527.085, 3003.054
1529.013, 2995.906
1530.942, 2990.108
1532.870, 2986.688
1534.799, 2987.928
1536.727, 2992.912
1538.656, 2996.911
1540.584, 3000.125
1542.513, 3004.935
1544.441, 3008.455
1546.370, 3013.012
1548.298, 3016.082
1550.227, 3018.918
1552.155, 3022.315
1554.083, 3021.035
1556.012, 3024.728
1557.940, 3021.845
1559.869, 3021.249
1561.797, 3019.572
1563.726, 3010.118
1565.654, 3001.817
1567.583, 3002.270
1569.511, 3000.500
1571.440, 2994.164
1573.368, 2991.859
1575.297, 2993.569
1577.225, 2992.974
1579.154, 2992.308
1581.082, 2996.458
1583.010, 3003.089
1584.939, 3012.606
1586.867, 3019.387
1588.796, 3019.565
1590.724, 3021.024
1592.653, 3024.430
1594.581, 3023.992
1596.510, 3021.605
1598.438, 3024.095
1600.367, 3028.979
1602.295, 3038.020
1604.224, 3040.653
1606.152, 3026.793
1608.081, 3015.547
1610.009, 3009.069
1611.938, 3010.176
1613.866, 3016.497
1615.794, 3012.548
1617.723, 3005.116
1619.651, 3002.749
1621.580, 3002.104
1623.508, 3000.269
1625.437, 3004.128
1627.365, 3017.078
1629.294, 3023.758
1631.222, 3024.918
1633.151, 3032.383
1635.079, 3035.125
1637.008, 3010.070
1638.936, 2983.705
1640.865, 2969.108
1642.793, 2955.001
1644.721, 2938.978
1646.650, 2924.266
1648.578, 2912.201
1650.507, 2911.319
1652.435, 2898.809
1654.364, 2897.678
1656.292, 2885.269
1658.221, 2882.559
1660.149, 2879.512
1662.078, 2874.535
1664.006, 2883.475
1665.935, 2876.948
1667.863, 2871.906
1669.792, 2870.123
1671.720, 2856.872
1673.648, 2847.403
1675.577, 2841.370
1677.505, 2839.792
1679.434, 2842.301
1681.362, 2843.738
1683.291, 2843.091
1685.219, 2837.395
1687.148, 2831.667
1689.076, 2828.810
1691.005, 2829.142
1692.933, 2834.455
1694.862, 2833.324
1696.790, 2826.488
1698.719, 2818.068
1700.647, 2810.871
1702.575, 2808.232
1704.504, 2807.894
1706.432, 2810.861
1708.361, 2811.244
1710.289, 2808.653
1712.218, 2809.212
1714.146, 2810.595
1716.075, 2804.239
1718.003, 2800.760
1719.932, 2800.150
1721.860, 2796.596
1723.789, 2799.888
1725.717, 2796.941
1727.646, 2802.097
1729.574, 2810.177
1731.502, 2815.539
1733.431, 2810.679
1735.359, 2806.719
1737.288, 2807.892
1739.216, 2801.864
1741.145, 2796.770
1743.073, 2791.407
1745.002, 2782.008
1746.930, 2775.017
1748.859, 2765.311
1750.787, 2753.220
1752.716, 2740.987
1754.644, 2729.935
1756.573, 2730.022
1758.501, 2734.886
1760.429, 2734.987
1762.358, 2731.898
1764.286, 2723.452
1766.215, 2721.242
1768.143, 2726.083
1770.072, 2733.921
1772.000, 2741.028
1773.929, 2737.791
1775.857, 2736.864
1777.786, 2753.187
1779.714, 2756.645
1781.643, 2744.644
1783.571, 2736.692
1785.500, 2734.528
1787.428, 2742.569
1789.356, 2750.508
1791.285, 2752.583
1793.213, 2749.872
1795.142, 2742.189
1797.070, 2735.916
1798.999, 2729.915
1800.927, 2721.919
1802.856, 2713.394
1804.784, 2705.875
1806.713, 2695.845
1808.641, 2682.936
1810.570, 2674.749
1812.498, 2670.954
1814.427, 2675.281
1816.355, 2674.633
1818.283, 2660.525
1820.212, 2652.433
1822.140, 2652.379
1824.069, 2655.024
1825.997, 2659.208
1827.926, 2665.000
1829.854, 2666.806
1831.783, 2668.904
1833.711, 2670.155
1835.640, 2668.968
1837.568, 2669.464
1839.497, 2666.651
1841.425, 2664.757
1843.354, 2657.156
1845.282, 2653.182
1847.210, 2648.598
1849.139, 2641.503
1851.067, 2639.140
1852.996, 2634.474
1854.924, 2629.890
1856.853, 2624.346
1858.781, 2617.658
1860.710, 2610.605
1862.638, 2601.135
1864.567, 2592.454
1866.495, 2584.765
1868.424, 2572.607
1870.352, 2570.695
1872.281, 2561.351
1874.209, 2558.226
1876.137, 2556.996
1878.066, 2554.251
1879.994, 2548.978
1881.923, 2551.041
1883.851, 2542.456
1885.780, 2551.330
1887.708, 2550.520
1889.637, 2545.835
1891.565, 2538.848
1893.494, 2533.821
1895.422, 2530.946
1897.351, 2527.139
1899.279, 2525.077
1901.208, 2530.642
1903.136, 2528.282
1905.064, 2527.069
1906.993, 2525.939
1908.921, 2518.978
1910.850, 2514.777
1912.778, 2503.800
1914.707, 2487.319
1916.635, 2476.950
1918.564, 2473.598
1920.492, 2474.400
1922.421, 2474.809
1924.349, 2469.553
1926.278, 2464.768
1928.206, 2461.556
1930.135, 2456.981
1932.063, 2452.195
1933.991, 2446.019
1935.920, 2439.283
1937.848, 2433.284
1939.777, 2424.512
1941.705, 2420.311
1943.634, 2413.984
1945.562, 2410.656
1947.491, 2407.865
1949.419, 2403.829
1951.348, 2404.441
1953.276, 2399.698
1955.205, 2398.728
1957.133, 2400.515
1959.062, 2399.933
1960.990, 2400.223
1962.918, 2396.898
1964.847, 2399.111
1966.775, 2397.832
1968.704, 2394.163
1970.632, 2387.692
1972.561, 2387.148
1974.489, 2387.778
1976.418, 2373.350
1978.346, 2361.216
1980.275, 2361.488
1982.203, 2363.280
1984.132, 2364.257
1986.060, 2357.580
1987.989, 2345.273
1989.917, 2325.131
1991.845, 2314.299
1993.774, 2313.520
1995.702, 2317.048
1997.631, 2318.535
1999.559, 2313.225
2001.488, 2304.552
2003.416, 2293.458
2005.345, 2280.990
2007.273, 2274.896
2009.202, 2286.463
2011.130, 2298.113
2013.059, 2305.737
2014.987, 2301.776
2016.916, 2294.087
2018.844, 2293.447
2020.772, 2293.203
2022.701, 2292.071
2024.629, 2290.101
2026.558, 2286.328
2028.486, 2276.332
2030.415, 2270.903
2032.343, 2272.304
2034.272, 2273.508
2036.200, 2271.232
2038.129, 2258.398
2040.057, 2246.579
2041.986, 2238.929
2043.914, 2225.343
2045.843, 2211.361
2047.771, 2208.941
2049.699, 2203.397
2051.628, 2189.544
2053.556, 2185.446
2055.485, 2187.282
2057.413, 2191.724
2059.342, 2189.115
2061.270, 2173.990
2063.199, 2167.545
2065.127, 2167.176
2067.056, 2169.376
2068.984, 2174.128
2070.913, 2182.475
2072.841, 2184.134
2074.770, 2181.122
2076.698, 2174.845
2078.626, 2169.393
2080.555, 2165.783
2082.483, 2168.453
2084.412, 2171.100
2086.340, 2165.932
2088.269, 2159.382
2090.197, 2153.001
2092.126, 2151.436
2094.054, 2147.480
2095.983, 2139.648
2097.911, 2134.821
2099.840, 2123.375
2101.768, 2118.319
2103.697, 2109.426
2105.625, 2096.388
2107.553, 2089.230
2109.482, 2086.268
2111.410, 2071.652
2113.339, 2061.137
2115.267, 2064.313
2117.196, 2075.507
2119.124, 2087.198
2121.053, 2079.171
2122.981, 2069.357
2124.910, 2064.766
2126.838, 2065.285
2128.767, 2068.580
2130.695, 2064.376
2132.624, 2071.775
2134.552, 2060.311
2136.480, 2057.149
2138.409, 2055.187
2140.337, 2041.056
2142.266, 2038.544
2144.194, 2049.220
2146.123, 2047.951
2148.051, 2041.270
2149.980, 2032.006
2151.908, 2025.841
2153.837, 2023.059
2155.765, 2019.040
2157.694, 2026.865
2159.622, 2016.737
2161.551, 2014.720
2163.479, 2014.847
2165.407, 2001.478
2167.336, 1991.803
2169.264, 1990.358
2171.193, 1990.731
2173.121, 1989.448
2175.050, 1989.345
2176.978, 1987.018
2178.907, 1987.542
2180.835, 1983.410
2182.764, 1979.040
2184.692, 1980.377
2186.621, 1973.492
2188.549, 1963.892
2190.478, 1966.779
2192.406, 1965.705
2194.334, 1957.446
2196.263, 1957.409
2198.191, 1961.107
2200.120, 1965.393
2202.048, 1967.176
2203.977, 1966.283
2205.905, 1960.730
2207.834, 1959.724
2209.762, 1970.096
2211.691, 1966.647
2213.619, 1955.369
2215.548, 1943.863
2217.476, 1938.397
2219.405, 1927.637
2221.333, 1926.580
2223.261, 1914.370
2225.190, 1910.499
2227.118, 1912.275
2229.047, 1912.460
2230.975, 1891.068
2232.904, 1872.284
2234.832, 1863.477
2236.761, 1850.566
2238.689, 1853.029
2240.618, 1840.146
2242.546, 1838.869
2244.475, 1844.453
2246.403, 1834.193
2248.332, 1827.018
2250.260, 1829.148
2252.188, 1829.644
2254.117, 1826.964
2256.045, 1826.354
2257.974, 1822.904
2259.902, 1820.467
2261.831, 1815.640
2263.759, 1810.466
2265.688, 1807.611
2267.616, 1802.444
2269.545, 1806.677
2271.473, 1793.577
2273.402, 1785.700
2275.330, 1780.927
2277.259, 1766.715
2279.187, 1751.510
2281.115, 1738.105
2283.044, 1733.660
2284.972, 1732.096
2286.901, 1729.005
2288.829, 1720.890
2290.758, 1710.433
2292.686, 1705.131
2294.615, 1700.029
2296.543, 1693.760
2298.472, 1692.476
2300.400, 1689.151
2302.329, 1686.734
2304.257, 1675.577
2306.186, 1682.871
2308.114, 1672.921
2310.042, 1669.097
2311.971, 1674.543
2313.899, 1669.547
2315.828, 1665.295
2317.756, 1668.070
2319.685, 1663.026
2321.613, 1654.841
2323.542, 1649.059
2325.470, 1647.642
2327.399, 1648.764
2329.327, 1645.062
2331.256, 1642.085
2333.184, 1640.756
2335.113, 1629.424
2337.041, 1615.152
2338.969, 1602.315
2340.898, 1598.837
2342.826, 1598.245
2344.755, 1585.114
2346.683, 1583.565
2348.612, 1577.847
2350.540, 1580.185
2352.469, 1568.227
2354.397, 1561.319
2356.326, 1555.736
2358.254, 1566.295
2360.183, 1549.573
2362.111, 1543.406
2364.040, 1541.121
2365.968, 1525.148
2367.896, 1521.227
2369.825, 1528.516
2371.753, 1527.983
2373.682, 1524.218
2375.610, 1518.790
2377.539, 1514.201
2379.467, 1514.622
2381.396, 1510.815
2383.324, 1509.552
2385.253, 1508.292
2387.181, 1506.840
2389.110, 1506.925
2391.038, 1505.750
2392.967, 1496.708
2394.895, 1491.801
2396.823, 1493.462
2398.752, 1490.912
2400.680, 1489.188
2402.609, 1490.468
2404.537, 1489.402
2406.466, 1484.260
2408.394, 1473.368
2410.323, 1466.784
2412.251, 1459.399
2414.180, 1435.632
2416.108, 1423.313
2418.037, 1422.001
2419.965, 1417.346
2421.894, 1413.711
2423.822, 1411.273
2425.750, 1403.315
2427.679, 1396.931
2429.607, 1395.334
2431.536, 1395.815
2433.464, 1394.972
2435.393, 1388.904
2437.321, 1385.904
2439.250, 1384.699
2441.178, 1383.100
2443.107, 1383.010
2445.035, 1382.177
2446.964, 1375.321
2448.892, 1366.828
2450.821, 1359.272
2452.749, 1361.033
2454.677, 1364.583
2456.606, 1366.729
2458.534, 1351.536
2460.463, 1335.965
2462.391, 1328.203
2464.320, 1321.046
2466.248, 1316.572
2468.177, 1316.511
2470.105, 1309.694
2472.034, 1299.590
2473.962, 1289.724
2475.891, 1283.798
2477.819, 1277.875
2479.748, 1272.854
2481.676, 1268.221
2483.604, 1264.663
2485.533, 1259.879
2487.461, 1253.526
2489.390, 1249.007
2491.318, 1254.385
2493.247, 1256.558
2495.175, 1253.737
2497.104, 1254.568
2499.032, 1251.041
2500.961, 1242.107
2502.889, 1242.024
2504.818, 1245.323
2506.746, 1249.387
2508.675, 1241.404
2510.603, 1232.317
2512.531, 1230.496
2514.460, 1221.934
2516.388, 1212.625
2518.317, 1208.207
2520.245, 1202.451
2522.174, 1197.437
2524.102, 1196.392
2526.031, 1188.005
2527.959, 1184.547
2529.888, 1177.661
2531.816, 1173.638
2533.745, 1167.171
2535.673, 1160.334
2537.602, 1154.259
2539.530, 1151.013
2541.458, 1156.305
2543.387, 1157.286
2545.315, 1153.696
2547.244, 1148.329
2549.172, 1145.471
2551.101, 1144.480
2553.029, 1140.595
2554.958, 1138.535
2556.886, 1139.438
2558.815, 1145.126
2560.743, 1148.984
2562.672, 1147.967
2564.600, 1135.321
2566.529, 1126.483
2568.457, 1123.846
2570.385, 1123.641
2572.314, 1119.858
2574.242, 1111.766
2576.171, 1109.957
2578.099, 1094.715
2580.028, 1100.937
2581.956, 1092.917
2583.885, 1087.397
2585.813, 1087.516
2587.742, 1077.894
2589.670, 1070.833
2591.599, 1068.154
2593.527, 1049.197
2595.456, 1038.690
2597.384, 1042.004
2599.313, 1044.563
2601.241, 1040.610
2603.169, 1030.817
2605.098, 1036.347
2607.026, 1031.039
2608.955, 1012.016
2610.883, 1011.351
2612.812, 1012.522
2614.740, 1011.136
2616.669, 1011.467
2618.597, 1008.753
2620.526, 1002.987
2622.454, 999.9388
2624.383, 996.1317
2626.311, 991.4139
2628.240, 987.8204
2630.168, 985.7496
2632.096, 985.5498
2634.025, 990.5931
2635.953, 989.0316
2637.882, 981.3655
2639.810, 973.4445
2641.739, 968.7264
2643.667, 967.2074
2645.596, 969.2567
2647.524, 965.5908
2649.453, 957.1470
2651.381, 946.8124
2653.310, 940.6470
2655.238, 936.8788
2657.167, 932.8884
2659.095, 923.1392
2661.023, 913.8353
2662.952, 913.6702
2664.880, 905.1183
2666.809, 897.0280
2668.737, 899.2585
2670.666, 897.9310
2672.594, 895.2277
2674.523, 893.6108
2676.451, 893.2797
2678.380, 890.3369
2680.308, 890.9278
2682.237, 885.9391
2684.165, 889.7181
2686.094, 890.4297
2688.022, 886.5519
2689.950, 881.6193
2691.879, 877.7342
2693.807, 880.8729
2695.736, 879.5220
2697.664, 871.0166
2699.593, 854.3258
2701.521, 847.2021
2703.450, 846.8065
2705.378, 838.0651
2707.307, 829.4912
2709.235, 823.7260
2711.164, 817.4702
2713.092, 816.8990
2715.021, 805.7742
2716.949, 802.1910
2718.877, 792.2500
2720.806, 783.5145
2722.734, 783.0359
2724.663, 782.9512
2726.591, 782.8125
2728.520, 782.4500
2730.448, 783.0150
2732.377, 774.7087
2734.305, 780.7070
2736.234, 775.4536
2738.162, 783.5407
2740.091, 778.6732
2742.019, 769.5341
2743.948, 764.8954
2745.876, 764.1801
2747.804, 765.5340
2749.733, 760.9965
2751.661, 753.1503
2753.590, 744.6329
2755.518, 741.2419
2757.447, 736.0595
2759.375, 726.2677
2761.304, 726.2745
2763.232, 718.7809
2765.161, 715.3132
2767.089, 705.5583
2769.018, 706.5073
2770.946, 702.7921
2772.875, 694.1389
2774.803, 689.0342
2776.731, 688.3591
2778.660, 694.3505
2780.588, 689.5962
2782.517, 683.5582
2784.445, 684.1895
2786.374, 680.7933
2788.302, 678.7383
2790.231, 678.9227
2792.159, 670.4039
2794.088, 664.7642
2796.016, 661.3343
2797.945, 656.4474
2799.873, 653.3606
2801.802, 650.5576
2803.730, 648.2057
2805.658, 645.6116
2807.587, 644.2038
2809.515, 644.0497
2811.444, 640.8281
2813.372, 637.5244
2815.301, 634.8916
2817.229, 630.8307
2819.158, 632.3159
2821.086, 633.6529
2823.015, 631.1646
2824.943, 628.7676
2826.872, 627.5126
2828.800, 619.5513
2830.729, 614.4625
2832.657, 608.6161
2834.585, 601.5983
2836.514, 599.3490
2838.442, 593.0650
2840.371, 586.2717
2842.299, 589.0204
2844.228, 580.8903
2846.156, 572.8777
2848.085, 575.1699
2850.013, 569.8505
2851.942, 567.2320
2853.870, 567.9747
2855.799, 563.3015
2857.727, 562.8681
2859.656, 563.8985
2861.584, 564.9073
2863.512, 558.0356
2865.441, 553.7401
2867.369, 556.8289
2869.298, 550.1221
2871.226, 548.8600
2873.155, 553.4478
2875.083, 551.2977
2877.012, 549.2172
2878.940, 544.3298
2880.869, 532.3649
2882.797, 539.9304
2884.726, 541.9952
2886.654, 531.0413
2888.583, 522.3649
2890.511, 516.3110
2892.439, 511.5464
2894.368, 505.8344
2896.296, 500.3278
2898.225, 498.9051
2900.153, 492.5144
2902.082, 491.7751
2904.010, 483.3641
2905.939, 480.4620
2907.867, 477.5458
2909.796, 477.8551
2911.724, 479.9845
2913.653, 482.4448
2915.581, 478.1088
2917.510, 474.5790
2919.438, 473.7664
2921.366, 474.0568
2923.295, 475.7064
2925.223, 473.9538
2927.152, 465.6343
2929.080, 461.5191
2931.009, 461.0632
2932.937, 462.1303
2934.866, 459.3417
2936.794, 458.7603
2938.723, 458.7359
2940.651, 457.0247
2942.580, 449.8171
2944.508, 443.1934
2946.437, 438.9744
2948.365, 436.4587
2950.293, 434.5201
2952.222, 432.3822
2954.150, 429.5806
2956.079, 428.1669
2958.007, 424.0045
2959.936, 424.1922
2961.864, 416.9667
2963.793, 412.9935
2965.721, 411.7216
2967.650, 411.3666
2969.578, 409.7354
2971.507, 407.5740
2973.435, 404.3075
2975.364, 403.3554
2977.292, 398.4773
2979.220, 401.7123
2981.149, 404.4693
2983.077, 406.4085
2985.006, 401.3457
2986.934, 393.7761
2988.863, 391.1263
2990.791, 386.5243
2992.720, 383.5732
2994.648, 382.1043
2996.577, 375.3575
2998.505, 370.4361
3000.434, 369.6943
3002.362, 366.4748
3004.291, 364.8023
3006.219, 364.4895
3008.147, 361.9608
3010.076, 360.2105
3012.004, 358.2947
3013.933, 355.0377
3015.861, 350.5263
3017.790, 348.3940
3019.718, 347.0078
3021.647, 351.5948
3023.575, 345.7001
3025.504, 346.4537
3027.432, 345.3695
3029.361, 341.3754
3031.289, 337.8548
3033.218, 338.1354
3035.146, 333.9329
3037.074, 334.3630
3039.003, 330.6718
3040.931, 334.0812
3042.860, 334.3006
3044.788, 333.3245
3046.717, 324.4616
3048.645, 319.3968
3050.574, 316.8625
3052.502, 308.4111
3054.431, 305.6841
3056.359, 307.4503
3058.288, 310.9635
3060.216, 312.3000
3062.145, 311.5561
3064.073, 302.7570
3066.001, 306.6180
3067.930, 301.1684
3069.858, 294.2414
3071.787, 291.2550
3073.715, 297.1900
3075.644, 295.2540
3077.572, 289.0179
3079.501, 283.0286
3081.429, 282.4871
3083.358, 288.4552
3085.286, 289.8255
3087.215, 284.4054
3089.143, 278.0342
3091.072, 283.3264
3093.000, 284.7708
3094.928, 276.1162
3096.857, 270.2174
3098.785, 271.1706
3100.714, 274.3207
3102.642, 275.3481
3104.571, 269.7837
3106.499, 270.4279
3108.428, 273.9839
3110.356, 274.2345
3112.285, 264.5396
3114.213, 255.6584
3116.142, 254.3499
3118.070, 249.9234
3119.999, 257.7688
3121.927, 252.7699
3123.855, 257.6501
3125.784, 253.8092
3127.712, 254.8872
3129.641, 245.4642
3131.569, 246.2136
3133.498, 243.1004
3135.426, 247.2580
3137.355, 247.0857
3139.283, 240.9907
3141.212, 239.1507
3143.140, 243.6168
3145.069, 240.5379
3146.997, 239.2284
3148.926, 233.3686
3150.854, 233.0924
3152.782, 229.3335
3154.711, 224.7326
3156.639, 224.0057
3158.568, 224.5872
3160.496, 226.6638
3162.425, 228.9368
3164.353, 226.3811
3166.282, 226.9174
3168.210, 226.4411
3170.139, 224.2159
3172.067, 225.8806
3173.996, 225.0207
3175.924, 226.4303
3177.853, 225.5413
3179.781, 223.3317
3181.709, 222.9794
3183.638, 217.9929
3185.566, 214.7106
3187.495, 212.3928
3189.423, 214.7113
3191.352, 211.5062
3193.280, 209.4241
3195.209, 212.8289
3197.137, 205.9231
3199.066, 201.3751
3200.994, 200.8803
3202.923, 199.4392
3204.851, 199.2775
3206.780, 200.7636
3208.708, 201.9527
3210.636, 200.1441
3212.565, 203.2080
3214.493, 196.6847
3216.422, 186.7524
3218.350, 196.3263
3220.279, 202.1719
3222.207, 198.6136
3224.136, 192.0188
3226.064, 194.3114
3227.993, 190.7021
3229.921, 190.1877
3231.850, 192.8476
3233.778, 196.1404
3235.707, 195.1389
3237.635, 194.4965
3239.563, 192.4005
3241.492, 191.6323
3243.420, 188.5233
3245.349, 188.1662
3247.277, 185.0811
3249.206, 180.9159
3251.134, 182.2253
3253.063, 185.0983
3254.991, 189.5751
3256.920, 192.8653
3258.848, 187.6049
3260.777, 183.2130
3262.705, 178.8018
3264.634, 176.7708
3266.562, 181.4955
3268.490, 183.7600
3270.419, 177.3988
3272.347, 173.7619
3274.276, 183.6723
3276.204, 183.6202
3278.133, 178.1207
3280.061, 174.0515
3281.990, 175.2201
3283.918, 180.7660
3285.847, 184.2166
3287.775, 184.6290
3289.704, 183.0260
3291.632, 181.5215
3293.561, 181.5368
3295.489, 180.5675
3297.417, 181.7222
3299.346, 180.9167
3301.274, 183.5104
3303.203, 185.9894
3305.131, 184.6275
3307.060, 179.5635
3308.988, 181.1056
3310.917, 179.8836
3312.845, 186.8862
3314.774, 179.7008
3316.702, 185.4874
3318.631, 183.4185
3320.559, 185.3167
3322.488, 187.6491
3324.416, 184.9366
3326.344, 186.3790
3328.273, 181.9720
3330.201, 184.6510
3332.130, 183.1034
3334.058, 180.1222
3335.987, 184.7603
3337.915, 183.1100
3339.844, 179.4583
3341.772, 181.1721
3343.701, 182.3056
3345.629, 182.8557
3347.558, 180.6006
3349.486, 177.7402
3351.415, 181.1592
3353.343, 188.4037
3355.271, 191.5024
3357.200, 190.8903
3359.128, 190.0616
3361.057, 192.0420
3362.985, 203.0199
3364.914, 208.8306
3366.842, 207.4777
3368.771, 207.3284
3370.699, 216.0076
3372.628, 223.3636
3374.556, 221.9078
3376.485, 232.0716
3378.413, 230.2009
3380.342, 244.9930
3382.270, 253.7697
3384.198, 258.8686
3386.127, 264.7206
3388.055, 280.7459
3389.984, 298.1140
3391.912, 311.6588
3393.841, 323.9512
3395.769, 344.5452
3397.698, 363.1526
3399.626, 372.9602
3401.555, 385.2059
3403.483, 403.8341
3405.412, 401.9563
3407.340, 411.3234
3409.269, 405.7762
3411.197, 389.3639
3413.125, 378.3961
3415.054, 365.3882
3416.982, 356.2847
3418.911, 341.8535
3420.839, 322.3405
3422.768, 306.0139
3424.696, 286.9850
3426.625, 271.9353
3428.553, 259.7700
3430.482, 247.9735
3432.410, 234.2407
3434.339, 226.4687
3436.267, 216.0345
3438.196, 206.3296
3440.124, 201.0116
3442.052, 198.7751
3443.981, 182.9356
3445.909, 181.0194
3447.838, 181.0163
3449.766, 171.2182
3451.695, 175.3717
3453.623, 163.7394
3455.552, 154.5616
##END=



