##NAMES=Hematite
##RRUFFID=R060190
##IDEAL CHEMISTRY=Fe_2_O_3_
##LOCALITY=Florence mine, Egremont, Cumbria, England
##OWNER=RRUFF
##SOURCE=Lloyd Twaites
##DESCRIPTION=Red tinged, steel-gray fragment of a botryoidal mass
##STATUS=The identification of this mineral has been confirmed by X-ray diffraction and chemical analysis
##URL=https://www.rruff.net/odr/rruff_sample/R060190
##MEASURED CHEMISTRY=Fe_2.00_O_3_
##DIFFRACTION SAMPLE DESCRIPTION=Powder
##CELL PARAMETERS=a: 5.0353 b: 5.0353 c: 13.744 alpha: 90 beta: 90 gamma: 120 volume: 301.8 crystal system: hexagonal
##FILETYPE=Raman Processed
##RAMAN WAVELENGTH=780

188.4829, 37.01009
190.4113, 38.54075
192.3398, 39.42338
194.2683, 40.25786
196.1967, 41.12065
198.1252, 42.07891
200.0537, 43.18257
201.9821, 44.42612
203.9106, 45.76049
205.8391, 47.16740
207.7675, 48.69686
209.6960, 50.48673
211.6245, 52.28693
213.5529, 53.95884
215.4814, 55.48118
217.4099, 56.79021
219.3383, 57.76699
221.2668, 58.81161
223.1953, 60.60612
225.1237, 61.58279
227.0522, 60.83419
228.9807, 58.88010
230.9091, 55.95147
232.8376, 51.82866
234.7661, 48.51329
236.6945, 45.90609
238.6230, 44.17746
240.5515, 43.56542
242.4799, 43.72652
244.4084, 44.55683
246.3369, 45.91232
248.2654, 47.17171
250.1938, 48.16341
252.1223, 49.78941
254.0508, 52.37418
255.9792, 55.15292
257.9077, 57.68929
259.8362, 60.26648
261.7646, 63.30183
263.6931, 66.79660
265.6216, 70.00167
267.5500, 72.89303
269.4785, 75.54067
271.4070, 77.67204
273.3354, 79.98330
275.2639, 82.86286
277.1924, 86.15243
279.1208, 89.54830
281.0493, 93.03673
282.9778, 96.76475
284.9062, 100.9818
286.8347, 104.8385
288.7632, 109.1918
290.6916, 111.9617
292.6201, 111.6187
294.5486, 108.4120
296.4770, 102.9549
298.4055, 95.24212
300.3340, 86.61437
302.2624, 76.42262
304.1909, 66.99563
306.1194, 58.86097
308.0478, 51.96769
309.9763, 46.29570
311.9048, 41.84721
313.8332, 38.59751
315.7617, 36.68097
317.6902, 35.03728
319.6186, 33.49740
321.5471, 32.12348
323.4756, 30.77759
325.4040, 29.75005
327.3325, 29.54658
329.2609, 29.88082
331.1894, 29.88066
333.1179, 29.43458
335.0463, 29.09192
336.9748, 28.95195
338.9033, 28.93646
340.8317, 29.04067
342.7602, 29.22683
344.6887, 29.53621
346.6171, 29.89560
348.5456, 30.12952
350.4741, 30.18695
352.4025, 30.38583
354.3310, 30.63521
356.2595, 31.18692
358.1879, 32.24461
360.1164, 33.47101
362.0449, 34.62533
363.9733, 35.79282
365.9018, 37.16128
367.8303, 38.76314
369.7587, 40.43634
371.6872, 42.03392
373.6157, 43.90446
375.5441, 46.33025
377.4726, 48.79226
379.4011, 50.97818
381.3295, 52.94940
383.2580, 54.81184
385.1865, 56.56587
387.1149, 58.23798
389.0434, 59.77960
390.9719, 61.32836
392.9003, 62.61611
394.8288, 64.28379
396.7573, 67.00954
398.6857, 70.04799
400.6142, 72.76331
402.5427, 75.18977
404.4711, 77.33300
406.3996, 79.42345
408.3281, 80.35058
410.2565, 80.50460
412.1850, 78.65335
414.1135, 73.31498
416.0419, 66.72533
417.9704, 60.00292
419.8989, 53.42804
421.8273, 47.69918
423.7558, 42.87672
425.6843, 38.72483
427.6127, 35.16828
429.5412, 32.54633
431.4697, 31.26484
433.3981, 30.38999
435.3266, 29.39974
437.2551, 28.58936
439.1835, 28.41781
441.1120, 28.65001
443.0405, 28.38556
444.9689, 27.63207
446.8974, 27.11010
448.8259, 26.90621
450.7543, 26.84167
452.6828, 26.98472
454.6113, 27.07648
456.5397, 26.81048
458.4682, 26.61133
460.3967, 27.13878
462.3251, 28.18740
464.2536, 28.79337
466.1821, 28.93918
468.1105, 29.06120
470.0390, 29.23308
471.9675, 29.38885
473.8959, 29.43794
475.8244, 29.52538
477.7529, 29.74609
479.6813, 30.07344
481.6098, 30.44314
483.5383, 30.77383
485.4667, 31.05118
487.3952, 31.30597
489.3237, 31.65945
491.2521, 32.28664
493.1806, 32.56841
495.1091, 32.30828
497.0375, 31.85476
498.9660, 31.27382
500.8945, 30.57411
502.8229, 29.80222
504.7514, 28.95045
506.6799, 28.04701
508.6083, 27.13760
510.5368, 26.40003
512.4653, 25.84543
514.3937, 25.34321
516.3222, 24.92763
518.2507, 24.62150
520.1791, 24.34472
522.1076, 24.13088
524.0361, 24.11287
525.9645, 24.20852
527.8930, 24.22560
529.8215, 24.16632
531.7499, 24.17335
533.6784, 24.29193
535.6069, 24.36789
537.5353, 24.42394
539.4638, 24.40416
541.3923, 24.13114
543.3207, 23.97227
545.2492, 24.25249
547.1777, 24.65386
549.1061, 24.74069
551.0346, 24.74622
552.9631, 25.26667
554.8915, 26.29007
556.8200, 26.91823
558.7485, 26.90939
560.6769, 27.15860
562.6054, 27.80369
564.5339, 28.46334
566.4623, 28.94723
568.3908, 29.48964
570.3193, 30.27728
572.2477, 31.22391
574.1762, 32.32600
576.1047, 33.48576
578.0331, 34.48420
579.9616, 35.33235
581.8901, 36.09345
583.8185, 36.71413
585.7470, 37.62585
587.6755, 38.97637
589.6039, 40.23241
591.5324, 41.21762
593.4609, 42.13059
595.3893, 42.98016
597.3178, 43.91716
599.2463, 45.15723
601.1747, 46.38862
603.1032, 47.18111
605.0317, 47.68419
606.9601, 48.39988
608.8886, 49.25393
610.8171, 49.20247
612.7455, 48.14922
614.6740, 46.53173
616.6025, 44.23644
618.5309, 41.82201
620.4594, 39.36746
622.3879, 36.96169
624.3163, 34.51534
626.2448, 32.41054
628.1733, 31.03297
630.1017, 30.11494
632.0302, 29.34897
633.9587, 28.70983
635.8871, 27.91508
637.8156, 26.98343
639.7441, 26.41913
641.6725, 26.36928
643.6010, 26.17914
645.5295, 25.52502
647.4579, 25.09998
649.3864, 25.25321
651.3149, 25.33127
653.2433, 25.02431
655.1718, 24.65429
657.1003, 24.36468
659.0287, 24.13340
660.9572, 24.01964
662.8857, 24.00434
664.8141, 24.06428
666.7426, 24.17080
668.6711, 24.05708
670.5995, 23.64843
672.5280, 23.36974
674.4565, 23.38327
676.3849, 23.26878
678.3134, 22.87264
680.2419, 22.58094
682.1703, 22.55091
684.0988, 22.50953
686.0273, 22.36276
687.9557, 22.23019
689.8842, 22.07439
691.8127, 21.89734
693.7411, 21.80996
695.6696, 21.80398
697.5981, 21.80642
699.5265, 21.79774
701.4550, 21.65922
703.3834, 21.34934
705.3119, 21.20319
707.2404, 21.28158
709.1688, 21.27831
711.0973, 21.11773
713.0258, 21.02512
714.9542, 21.08981
716.8827, 21.14918
718.8112, 21.13601
720.7396, 21.13075
722.6681, 21.15389
724.5966, 21.18982
726.5250, 21.23678
728.4535, 21.30355
730.3820, 21.40229
732.3104, 21.51040
734.2389, 21.51576
736.1674, 21.40683
738.0958, 21.46433
740.0243, 21.71292
741.9528, 21.77054
743.8812, 21.60054
745.8097, 21.61651
747.7382, 21.92204
749.6666, 22.04048
751.5951, 21.79912
753.5236, 21.56730
755.4520, 21.36036
757.3805, 21.33787
759.3090, 21.72393
761.2374, 22.17325
763.1659, 22.47018
765.0944, 22.61482
767.0228, 22.60716
768.9513, 22.50237
770.8798, 22.28831
772.8082, 22.05237
774.7367, 22.05108
776.6652, 22.22082
778.5936, 22.53732
780.5221, 23.00050
782.4506, 23.08840
784.3790, 22.71329
786.3075, 22.67397
788.2360, 23.17667
790.1644, 23.46448
792.0929, 23.37611
794.0214, 23.29064
795.9498, 23.00816
797.8783, 22.98278
799.8068, 23.76878
801.7352, 24.38191
803.6637, 24.11356
805.5922, 23.83091
807.5206, 24.20670
809.4491, 24.52477
811.3776, 24.13564
813.3060, 23.63000
815.2345, 23.62775
817.1630, 23.83083
819.0914, 23.83820
821.0199, 23.69906
822.9484, 23.54990
824.8768, 23.44481
826.8053, 23.48066
828.7338, 23.60791
830.6622, 23.87719
832.5907, 24.43028
834.5192, 24.67876
836.4476, 24.43986
838.3761, 24.19296
840.3046, 23.97666
842.2330, 23.80563
844.1615, 23.63011
846.0900, 23.49025
848.0184, 23.42888
849.9469, 23.43932
851.8754, 23.49845
853.8038, 23.62864
855.7323, 24.01293
857.6608, 24.18318
859.5892, 23.73882
861.5177, 23.22356
863.4462, 22.93314
865.3746, 22.81268
867.3031, 22.81009
869.2316, 22.82565
871.1600, 22.84206
873.0885, 22.83203
875.0170, 22.88161
876.9454, 22.92725
878.8739, 22.61302
880.8024, 22.03276
882.7308, 21.68213
884.6593, 21.55601
886.5878, 21.35730
888.5162, 21.10728
890.4447, 20.92450
892.3732, 20.78547
894.3016, 20.75925
896.2301, 20.83294
898.1586, 20.86780
900.0870, 20.90992
902.0155, 20.65704
903.9440, 19.94983
905.8724, 19.64659
907.8009, 20.03692
909.7294, 20.17877
911.6578, 19.77314
913.5863, 19.46689
915.5148, 19.47315
917.4432, 19.47180
919.3717, 19.36663
921.3002, 19.18270
923.2286, 18.91263
925.1571, 18.70372
927.0856, 18.43428
929.0140, 18.35998
930.9425, 18.82613
932.8710, 19.18731
934.7994, 19.08464
936.7279, 18.95265
938.6564, 19.00611
940.5848, 19.05286
942.5133, 19.04591
944.4418, 18.97120
946.3702, 18.74983
948.2987, 18.58829
950.2272, 18.60442
952.1556, 18.60843
954.0841, 18.44796
956.0126, 18.28725
957.9410, 18.38229
959.8695, 18.52594
961.7980, 18.33010
963.7264, 18.11070
965.6549, 18.40863
967.5834, 18.76042
969.5118, 18.51382
971.4403, 18.11839
973.3688, 18.19637
975.2972, 18.43460
977.2257, 18.31352
979.1542, 18.00495
981.0826, 17.81534
983.0111, 17.83406
984.9396, 18.17308
986.8680, 18.58559
988.7965, 18.67636
990.7250, 18.54281
992.6534, 18.40737
994.5819, 18.36458
996.5104, 18.58183
998.4388, 18.88555
1000.367, 18.74525
1002.296, 18.31693
1004.224, 18.25915
1006.153, 18.51785
1008.081, 18.70069
1010.010, 18.76035
1011.938, 18.67416
1013.867, 18.58273
1015.795, 18.84446
1017.724, 19.26080
1019.652, 19.40584
1021.580, 19.40580
1023.509, 19.28167
1025.437, 19.03474
1027.366, 19.16148
1029.294, 19.57641
1031.223, 19.72382
1033.151, 19.69342
1035.080, 19.76721
1037.008, 19.94735
1038.937, 20.05108
1040.865, 20.02764
1042.794, 20.02686
1044.722, 20.06375
1046.651, 20.16447
1048.579, 20.22900
1050.507, 20.04501
1052.436, 19.83272
1054.364, 19.86399
1056.293, 19.91746
1058.221, 19.66519
1060.150, 19.35779
1062.078, 19.58280
1064.007, 20.01075
1065.935, 19.82830
1067.864, 19.40454
1069.792, 19.55533
1071.721, 19.98244
1073.649, 20.15006
1075.578, 20.11515
1077.506, 19.95601
1079.434, 19.78317
1081.363, 19.57713
1083.291, 19.32761
1085.220, 19.26401
1087.148, 19.29395
1089.077, 19.28725
1091.005, 19.28529
1092.934, 19.19646
1094.862, 19.14901
1096.791, 19.42578
1098.719, 19.68690
1100.648, 19.50699
1102.576, 19.20623
1104.505, 19.14136
1106.433, 19.13235
1108.361, 18.85045
1110.290, 18.58439
1112.218, 18.77396
1114.147, 19.02811
1116.075, 18.92672
1118.004, 18.73794
1119.932, 18.72788
1121.861, 18.80649
1123.789, 18.87829
1125.718, 18.91526
1127.646, 19.02609
1129.575, 19.08344
1131.503, 18.76499
1133.432, 18.42823
1135.360, 18.42441
1137.288, 18.55455
1139.217, 18.66512
1141.145, 18.61973
1143.074, 18.34148
1145.002, 18.32833
1146.931, 18.90659
1148.859, 19.24671
1150.788, 18.90503
1152.716, 18.56182
1154.645, 18.47960
1156.573, 18.65907
1158.502, 19.12955
1160.430, 19.35659
1162.359, 19.19692
1164.287, 19.16126
1166.215, 19.34542
1168.144, 19.47690
1170.072, 19.51962
1172.001, 19.52194
1173.929, 19.48278
1175.858, 19.67100
1177.786, 20.07183
1179.715, 20.08438
1181.643, 19.75547
1183.572, 19.73726
1185.500, 20.02075
1187.429, 20.08625
1189.357, 19.95523
1191.286, 19.88761
1193.214, 19.86493
1195.142, 20.01018
1197.071, 20.29992
1198.999, 20.59948
1200.928, 20.82670
1202.856, 20.86633
1204.785, 20.82534
1206.713, 20.83655
1208.642, 20.91540
1210.570, 21.06296
1212.499, 21.22212
1214.427, 21.34110
1216.356, 21.42789
1218.284, 21.53483
1220.213, 21.71426
1222.141, 21.90756
1224.069, 22.16905
1225.998, 22.53985
1227.926, 22.77347
1229.855, 22.87207
1231.783, 23.10191
1233.712, 23.46913
1235.640, 23.65174
1237.569, 23.69245
1239.497, 23.79788
1241.426, 23.83614
1243.354, 23.97960
1245.283, 24.27153
1247.211, 24.35056
1249.140, 24.38844
1251.068, 24.58577
1252.996, 24.75930
1254.925, 24.95307
1256.853, 25.21259
1258.782, 25.50392
1260.710, 25.86069
1262.639, 26.29640
1264.567, 26.57288
1266.496, 26.54569
1268.424, 26.60107
1270.353, 26.86588
1272.281, 27.15115
1274.210, 27.36213
1276.138, 27.64430
1278.067, 28.09972
1279.995, 28.33224
1281.923, 28.30289
1283.852, 28.69908
1285.780, 29.51456
1287.709, 29.89269
1289.637, 29.72619
1291.566, 29.73060
1293.494, 30.12902
1295.423, 30.38793
1297.351, 30.36041
1299.280, 30.30476
1301.208, 30.33655
1303.137, 30.44150
1305.065, 30.59830
1306.994, 30.91915
1308.922, 31.27927
1310.850, 31.68150
1312.779, 31.79538
1314.707, 31.17507
1316.636, 30.74553
1318.564, 31.00519
1320.493, 30.90533
1322.421, 30.23744
1324.350, 29.93442
1326.278, 29.96402
1328.207, 29.76185
1330.135, 29.44654
1332.064, 29.09615
1333.992, 28.70365
1335.921, 28.34343
1337.849, 27.95261
1339.777, 27.55865
1341.706, 27.13507
1343.634, 26.59171
1345.563, 26.12644
1347.491, 25.87914
1349.420, 25.65164
1351.348, 25.36051
1353.277, 24.89329
1355.205, 24.12556
1357.134, 23.51105
1359.062, 23.85039
1360.991, 23.98477
1362.919, 23.92533
1364.848, 23.09123
1366.776, 23.25742
1368.704, 23.02277
1370.633, 22.77161
1372.561, 23.07858
1374.490, 22.35715
1376.418, 22.65527
1378.347, 22.54635
1380.275, 22.30972
1382.204, 22.23141
1384.132, 22.17532
1386.061, 22.08825
1387.989, 22.00707
1389.918, 21.91386
1391.846, 21.86782
1393.775, 21.74123
1395.703, 21.51137
1397.631, 21.39836
1399.560, 21.42505
1401.488, 21.37329
1403.417, 21.34866
1405.345, 21.55851
1407.274, 21.70279
1409.202, 21.66896
1411.131, 21.79591
1413.059, 22.24339
1414.988, 22.24731
1416.916, 21.61068
1418.845, 21.38892
1420.773, 21.59910
1422.702, 21.56542
1424.630, 21.38452
1426.558, 21.66466
1428.487, 22.06245
1430.415, 21.79913
1432.344, 21.47197
1434.272, 21.48652
1436.201, 21.45193
1438.129, 21.40931
1440.058, 21.47105
1441.986, 21.45951
1443.915, 21.49074
1445.843, 21.73109
1447.771, 21.85234
1449.700, 21.73850
1451.628, 21.47058
1453.557, 21.20647
1455.485, 21.19206
1457.414, 21.35933
1459.342, 21.51638
1461.271, 21.53936
1463.199, 21.48424
1465.128, 21.48517
1467.056, 21.48294
1468.985, 21.38377
1470.913, 21.23226
1472.842, 20.70513
1474.770, 21.50362
1476.698, 21.96287
1478.627, 22.10110
1480.555, 20.95681
1482.484, 21.46864
1484.412, 21.31676
1486.341, 21.13767
1488.269, 21.88257
1490.198, 20.92484
1492.126, 21.65508
1494.055, 21.71153
1495.983, 21.36996
1497.912, 21.45361
1499.840, 21.59859
1501.769, 21.42751
1503.697, 21.24762
1505.625, 21.28141
1507.554, 21.41953
1509.482, 21.68915
1511.411, 21.74941
1513.339, 21.44789
1515.268, 21.30830
1517.196, 21.34415
1519.125, 21.31879
1521.053, 21.31047
1522.982, 21.40544
1524.910, 21.50296
1526.839, 21.30047
1528.767, 21.06015
1530.696, 21.35970
1532.624, 21.72561
1534.552, 21.68729
1536.481, 21.61160
1538.409, 21.66647
1540.338, 21.64521
1542.266, 21.52349
1544.195, 21.28543
1546.123, 21.05974
1548.052, 21.27570
1549.980, 21.58581
1551.909, 21.22086
1553.837, 20.82988
1555.766, 20.99440
1557.694, 21.25476
1559.623, 21.53394
1561.551, 21.54700
1563.479, 21.36558
1565.408, 21.48330
1567.336, 21.60263
1569.265, 21.33879
1571.193, 21.07413
1573.122, 21.10382
1575.050, 21.35554
1576.979, 21.54756
1578.907, 21.49163
1580.836, 21.45904
1582.764, 21.44856
1584.693, 21.20230
1586.621, 20.96888
1588.550, 21.10495
1590.478, 21.26334
1592.406, 21.17484
1594.335, 21.22571
1596.263, 21.15154
1598.192, 20.86817
1600.120, 20.97457
1602.049, 21.33578
1603.977, 21.37739
1605.906, 21.12643
1607.834, 21.12919
1609.763, 21.50107
1611.691, 21.72989
1613.620, 21.52138
1615.548, 21.43245
1617.477, 21.52307
1619.405, 21.34311
1621.333, 21.15849
1623.262, 21.17049
1625.190, 21.24583
1627.119, 21.34156
1629.047, 21.24564
1630.976, 21.19149
1632.904, 21.44877
1634.833, 21.51224
1636.761, 21.27584
1638.690, 21.01154
1640.618, 20.82262
1642.547, 20.71550
1644.475, 20.76513
1646.404, 21.23604
1648.332, 21.62551
1650.260, 21.51174
1652.189, 21.50191
1654.117, 21.68170
1656.046, 21.54099
1657.974, 21.35817
1659.903, 21.54048
1661.831, 21.60500
1663.760, 21.54897
1665.688, 21.72069
1667.617, 21.87527
1669.545, 21.76113
1671.474, 21.52212
1673.402, 21.36796
1675.331, 21.40734
1677.259, 21.59396
1679.188, 21.65965
1681.116, 21.62305
1683.044, 21.63493
1684.973, 21.65300
1686.901, 21.67828
1688.830, 21.63459
1690.758, 21.56277
1692.687, 21.68847
1694.615, 21.91351
1696.544, 22.00425
1698.472, 21.90112
1700.401, 21.86336
1702.329, 22.08308
1704.258, 22.33958
1706.186, 22.40104
1708.115, 22.01720
1710.043, 21.77615
1711.971, 22.05299
1713.900, 22.22416
1715.828, 22.18821
1717.757, 22.08440
1719.685, 22.07107
1721.614, 22.15822
1723.542, 22.14487
1725.471, 22.19797
1727.399, 22.33066
1729.328, 22.18970
1731.256, 22.13388
1733.185, 22.27481
1735.113, 22.33826
1737.042, 22.48362
1738.970, 22.37514
1740.898, 22.10266
1742.827, 22.00226
1744.755, 22.33624
1746.684, 23.15143
1748.612, 23.13440
1750.541, 22.59547
1752.469, 22.30604
1754.398, 22.26365
1756.326, 22.75677
1758.255, 23.05543
1760.183, 22.95562
1762.112, 22.84576
1764.040, 22.80880
1765.969, 22.87882
1767.897, 22.83096
1769.825, 22.80276
1771.754, 22.71861
1773.682, 22.46250
1775.611, 22.45980
1777.539, 22.75409
1779.468, 23.03836
1781.396, 23.11399
1783.325, 22.87492
1785.253, 22.59105
1787.182, 22.65088
1789.110, 22.81508
1791.039, 22.87974
1792.967, 22.88783
1794.896, 23.05106
1796.824, 23.30575
1798.752, 23.24292
1800.681, 23.24608
1802.609, 23.37642
1804.538, 23.32108
1806.466, 22.82148
1808.395, 22.61791
1810.323, 23.21066
1812.252, 23.37495
1814.180, 23.22593
1816.109, 23.18015
1818.037, 23.04263
1819.966, 23.22069
1821.894, 23.47407
1823.823, 23.24198
1825.751, 22.95064
1827.679, 22.96518
1829.608, 23.21670
1831.536, 23.35640
1833.465, 23.18571
1835.393, 23.31570
1837.322, 23.64481
1839.250, 23.62988
1841.179, 23.64203
1843.107, 23.48060
1845.036, 23.20302
1846.964, 23.65708
1848.893, 24.16134
1850.821, 23.72248
1852.750, 23.46291
1854.678, 23.55962
1856.606, 23.81101
1858.535, 24.02740
1860.463, 23.93396
1862.392, 23.83989
1864.320, 23.81010
1866.249, 23.76041
1868.177, 23.83970
1870.106, 23.98724
1872.034, 24.06596
1873.963, 24.10624
1875.891, 24.11667
1877.820, 23.96988
1879.748, 23.93804
1881.677, 24.09029
1883.605, 23.97589
1885.533, 23.83661
1887.462, 24.10042
1889.390, 23.67523
1891.319, 24.48767
1893.247, 24.96084
1895.176, 25.11301
1897.104, 23.98264
1899.033, 24.50839
1900.961, 24.37044
1902.890, 24.20529
1904.818, 24.96411
1906.747, 24.02030
1908.675, 24.76448
1910.604, 24.83485
1912.532, 25.21359
1914.460, 24.92455
1916.389, 24.84178
1918.317, 25.42699
1920.246, 25.64235
1922.174, 24.62414
1924.103, 24.37954
1926.031, 24.79460
1927.960, 25.29081
1929.888, 25.26239
1931.817, 24.77580
1933.745, 24.65020
1935.674, 25.14305
1937.602, 25.46143
1939.531, 25.11909
1941.459, 24.99923
1943.387, 25.18117
1945.316, 25.13871
1947.244, 25.30996
1949.173, 25.66068
1951.101, 25.52553
1953.030, 25.10596
1954.958, 25.12506
1956.887, 25.35501
1958.815, 25.55449
1960.744, 25.52292
1962.672, 25.20697
1964.601, 25.24072
1966.529, 25.48598
1968.458, 25.60493
1970.386, 25.71589
1972.314, 25.71340
1974.243, 25.58199
1976.171, 25.42145
1978.100, 25.44469
1980.028, 25.58483
1981.957, 25.52623
1983.885, 25.74270
1985.814, 26.11665
1987.742, 26.08724
1989.671, 25.85399
1991.599, 25.84214
1993.528, 25.99202
1995.456, 26.17241
1997.385, 26.19620
1999.313, 26.11706
2001.241, 26.11467
2003.170, 26.35983
2005.098, 26.54271
2007.027, 26.46532
2008.955, 26.28323
2010.884, 26.37227
2012.812, 26.75020
2014.741, 26.68343
2016.669, 26.61561
2018.598, 26.52868
2020.526, 26.35717
2022.455, 26.38152
2024.383, 26.27862
2026.312, 26.54972
2028.240, 26.96586
2030.168, 26.95174
2032.097, 26.59571
2034.025, 26.52861
2035.954, 26.88543
2037.882, 27.01404
2039.811, 26.85687
2041.739, 26.62312
2043.668, 26.73682
2045.596, 26.82086
2047.525, 26.86205
2049.453, 26.65186
2051.382, 26.40723
2053.310, 26.65037
2055.239, 26.68707
2057.167, 26.82209
2059.095, 27.16476
2061.024, 27.19656
2062.952, 26.89347
2064.881, 26.56342
2066.809, 26.42504
2068.738, 26.71630
2070.666, 27.16083
2072.595, 27.47299
2074.523, 27.26034
2076.452, 26.99930
2078.380, 27.29976
2080.309, 27.73646
2082.237, 27.98784
2084.166, 27.79472
2086.094, 27.47649
2088.022, 27.40860
2089.951, 27.51850
2091.879, 26.98535
2093.808, 27.80509
2095.736, 28.28555
2097.665, 28.44501
2099.593, 27.32194
2101.522, 27.85499
2103.450, 27.72433
2105.379, 27.56647
2107.307, 28.33258
2109.236, 27.39608
2111.164, 28.14754
2113.093, 28.22520
2115.021, 28.61123
2116.949, 28.32948
2118.878, 28.25400
2120.806, 28.84650
2122.735, 28.49532
2124.663, 28.32785
2126.592, 28.01808
2128.520, 28.00858
2130.449, 28.27595
2132.377, 28.23738
2134.306, 28.16550
2136.234, 28.18321
2138.163, 28.27130
2140.091, 28.54285
2142.020, 28.42309
2143.948, 28.40933
2145.876, 28.79357
2147.805, 29.17458
2149.733, 29.23491
2151.662, 28.96697
2153.590, 28.81571
2155.519, 28.72634
2157.447, 28.80328
2159.376, 28.98703
2161.304, 28.88508
2163.233, 28.64740
2165.161, 28.78689
2167.090, 29.41458
2169.018, 29.57455
2170.947, 29.37793
2172.875, 29.29984
2174.803, 29.00776
2176.732, 28.92921
2178.660, 29.23005
2180.589, 29.83579
2182.517, 29.72733
2184.446, 29.09753
2186.374, 29.05070
2188.303, 29.20398
2190.231, 29.21530
2192.160, 29.17076
2194.088, 29.34908
2196.017, 29.51247
2197.945, 29.33222
2199.874, 29.46767
2201.802, 29.47143
2203.730, 29.32757
2205.659, 29.23042
2207.587, 29.36856
2209.516, 29.76258
2211.444, 29.87819
2213.373, 29.85783
2215.301, 30.14833
2217.230, 30.35108
2219.158, 30.15296
2221.087, 30.19595
2223.015, 30.33346
2224.944, 30.38718
2226.872, 30.51680
2228.801, 30.28395
2230.729, 30.04775
2232.657, 30.18823
2234.586, 30.53763
2236.514, 30.74115
2238.443, 30.49260
2240.371, 30.07484
2242.300, 29.91865
2244.228, 30.06071
2246.157, 30.31830
2248.085, 30.23518
2250.014, 30.38937
2251.942, 30.88019
2253.871, 30.90977
2255.799, 30.52360
2257.728, 30.89152
2259.656, 31.22317
2261.584, 30.99493
2263.513, 30.93823
2265.441, 30.97821
2267.370, 31.16594
2269.298, 31.24086
2271.227, 31.36397
2273.155, 31.74389
2275.084, 31.71383
2277.012, 31.29675
2278.941, 31.41996
2280.869, 31.65418
2282.798, 31.79301
2284.726, 31.63917
2286.655, 31.16979
2288.583, 31.53414
2290.511, 31.62800
2292.440, 31.09128
2294.368, 31.46972
2296.297, 32.11561
2298.225, 31.96418
2300.154, 31.57217
2302.082, 31.57207
2304.011, 31.74902
2305.939, 31.80081
2307.868, 31.96139
2309.796, 32.06395
2311.725, 32.14286
2313.653, 31.93765
2315.582, 31.72222
2317.510, 31.72266
2319.438, 32.17499
2321.367, 32.51162
2323.295, 32.34217
2325.224, 32.45744
2327.152, 32.74662
2329.081, 32.42210
2331.009, 32.34826
2332.938, 32.48391
2334.866, 32.01630
2336.795, 31.75171
2338.723, 31.99295
2340.652, 32.15007
2342.580, 32.26616
2344.509, 32.31150
2346.437, 32.31354
2348.365, 32.36800
2350.294, 32.65562
2352.222, 32.61694
2354.151, 32.53205
2356.079, 32.51889
2358.008, 32.55198
2359.936, 32.81990
2361.865, 33.47831
2363.793, 33.39161
2365.722, 32.77304
2367.650, 32.85653
2369.579, 32.80390
2371.507, 32.87857
2373.436, 32.85791
2375.364, 32.81499
2377.292, 33.06588
2379.221, 33.02202
2381.149, 32.98545
2383.078, 33.07545
2385.006, 33.16347
2386.935, 33.13657
2388.863, 33.27179
2390.792, 33.47597
2392.720, 33.29151
2394.649, 33.34181
2396.577, 33.78551
2398.506, 34.02602
2400.434, 33.68436
2402.363, 33.19757
2404.291, 33.38964
2406.219, 33.35986
2408.148, 33.24442
2410.076, 33.29463
2412.005, 33.42144
2413.933, 33.91208
2415.862, 34.00290
2417.790, 33.88747
2419.719, 33.59899
2421.647, 33.43048
2423.576, 33.74412
2425.504, 34.04043
2427.433, 34.10415
2429.361, 34.18337
2431.290, 33.78859
2433.218, 33.47794
2435.146, 33.50205
2437.075, 33.64872
2439.003, 33.94601
2440.932, 33.96616
2442.860, 33.53725
2444.789, 33.40707
2446.717, 33.69051
2448.646, 33.99498
2450.574, 34.13876
2452.503, 33.89249
2454.431, 34.07364
2456.360, 34.30080
2458.288, 34.12994
2460.217, 33.83685
2462.145, 33.67958
2464.073, 34.24389
2466.002, 34.43881
2467.930, 34.12654
2469.859, 34.21388
2471.787, 34.27372
2473.716, 33.90835
2475.644, 34.37439
2477.573, 34.71579
2479.501, 34.19764
2481.430, 33.89293
2483.358, 33.72404
2485.287, 34.13143
2487.215, 33.73542
2489.144, 33.26640
2491.072, 33.70716
2493.000, 34.21119
2494.929, 34.66982
2496.857, 34.56013
2498.786, 34.29244
2500.714, 34.17150
2502.643, 34.15041
2504.571, 34.26178
2506.500, 34.55149
2508.428, 34.27453
2510.357, 34.10786
2512.285, 34.33615
2514.214, 34.43398
2516.142, 34.26056
2518.071, 33.74269
2519.999, 34.01036
2521.927, 34.50467
2523.856, 34.44478
2525.784, 34.57656
2527.713, 34.84573
2529.641, 34.90627
2531.570, 34.95881
2533.498, 34.88313
2535.427, 34.60712
2537.355, 34.57411
2539.284, 34.72820
2541.212, 35.09187
2543.141, 34.96668
2545.069, 34.68990
2546.998, 34.87937
2548.926, 35.04688
2550.854, 34.95889
2552.783, 34.88263
2554.711, 34.79339
2556.640, 34.61736
2558.568, 34.51503
2560.497, 34.58009
2562.425, 34.79322
2564.354, 35.45081
2566.282, 35.31752
2568.211, 34.59703
2570.139, 34.79681
2572.068, 34.80004
2573.996, 34.68827
2575.925, 34.81974
2577.853, 34.85827
2579.781, 34.89724
2581.710, 34.80622
2583.638, 34.63935
2585.567, 34.46785
2587.495, 34.42540
2589.424, 34.47490
2591.352, 34.69256
2593.281, 34.73592
2595.209, 34.66619
2597.138, 34.67942
2599.066, 35.06219
2600.995, 34.91256
2602.923, 34.43742
2604.852, 34.51314
2606.780, 34.69421
2608.708, 35.02998
2610.637, 35.03764
2612.565, 34.67031
2614.494, 34.16182
2616.422, 34.06187
2618.351, 34.15276
2620.279, 34.39365
2622.208, 34.92287
2624.136, 35.13325
2626.065, 34.96751
2627.993, 35.22920
2629.922, 35.22846
2631.850, 34.82062
2633.779, 35.30790
2635.707, 35.10245
2637.635, 34.24473
2639.564, 34.84871
2641.492, 35.12177
2643.421, 34.78131
2645.349, 34.98355
2647.278, 34.70372
2649.206, 34.07746
2651.135, 34.89498
2653.063, 35.38282
2654.992, 35.14437
2656.920, 34.48369
2658.849, 34.15130
2660.777, 34.11533
2662.706, 34.39254
2664.634, 34.53556
2666.563, 34.45985
2668.491, 34.60481
2670.419, 35.02588
2672.348, 35.05530
2674.276, 33.73803
2676.205, 33.81219
2678.133, 34.47017
2680.062, 34.27274
2681.990, 34.10655
2683.919, 34.16403
2685.847, 34.51732
2687.776, 34.77584
2689.704, 34.60707
2691.633, 34.10144
2693.561, 34.65015
2695.490, 34.98683
2697.418, 34.58945
2699.346, 34.07657
2701.275, 34.04528
2703.203, 34.55419
2705.132, 34.03521
2707.060, 33.86673
2708.989, 34.24826
2710.917, 34.21177
2712.846, 33.60379
2714.774, 32.85649
2716.703, 33.97204
2718.631, 34.30243
2720.560, 33.84534
2722.488, 33.62243
2724.417, 33.76604
2726.345, 33.89927
2728.273, 32.83460
2730.202, 33.29012
2732.130, 34.12911
2734.059, 33.71428
2735.987, 33.53508
2737.916, 33.79924
2739.844, 34.67814
2741.773, 33.80824
2743.701, 33.32674
2745.630, 34.19259
2747.558, 34.04717
2749.487, 33.44352
2751.415, 32.68703
2753.344, 32.94878
2755.272, 33.27822
2757.200, 33.36447
2759.129, 33.10294
2761.057, 33.47814
2762.986, 33.91115
2764.914, 33.64196
2766.843, 33.88722
2768.771, 33.84698
2770.700, 33.09392
2772.628, 32.97089
2774.557, 33.27886
2776.485, 33.74297
2778.414, 33.12285
2780.342, 32.23312
2782.271, 32.78760
2784.199, 33.06998
2786.127, 33.09487
2788.056, 32.09097
2789.984, 32.41552
2791.913, 32.20766
2793.841, 31.97802
2795.770, 32.48950
2797.698, 31.63527
2799.627, 32.13499
2801.555, 32.09426
2803.484, 32.30087
2805.412, 31.97185
2807.341, 32.47163
2809.269, 32.10185
2811.198, 31.62208
2813.126, 31.27745
2815.054, 31.29264
2816.983, 31.74009
2818.911, 31.98993
2820.840, 31.65143
2822.768, 32.09716
2824.697, 31.97363
2826.625, 30.89159
2828.554, 31.29822
2830.482, 31.23142
2832.411, 30.83157
2834.339, 31.56906
2836.268, 31.86133
2838.196, 31.65610
2840.125, 31.06371
2842.053, 30.70763
2843.981, 30.58177
2845.910, 30.64222
2847.838, 31.09336
2849.767, 30.74727
2851.695, 29.90327
2853.624, 31.11982
2855.552, 31.03901
2857.481, 30.18644
2859.409, 29.98796
2861.338, 29.49539
2863.266, 29.49003
2865.195, 30.34070
2867.123, 30.14697
2869.052, 30.04162
2870.980, 30.15380
2872.908, 29.39933
2874.837, 29.87555
2876.765, 30.58232
2878.694, 29.81290
2880.622, 29.78143
2882.551, 29.77385
2884.479, 29.37531
2886.408, 29.59508
2888.336, 30.03907
2890.265, 30.33712
2892.193, 30.16487
2894.122, 29.47826
2896.050, 29.01732
2897.979, 29.26996
2899.907, 29.60453
2901.835, 29.55904
2903.764, 29.16355
2905.692, 28.99784
2907.621, 28.89469
2909.549, 28.98560
2911.478, 29.37930
2913.406, 29.05445
2915.335, 28.70727
2917.263, 28.58501
2919.192, 28.92542
2921.120, 28.74867
2923.048, 28.40623
2924.977, 28.83009
2926.905, 28.41175
2928.834, 27.93282
2930.762, 27.80238
2932.691, 27.79040
2934.619, 27.83793
2936.548, 28.05127
2938.476, 28.55038
2940.405, 28.38063
2942.333, 27.96629
2944.261, 27.62174
2946.190, 27.76928
2948.118, 28.15193
2950.047, 28.44010
2951.975, 28.53018
2953.904, 28.14114
2955.832, 27.81528
2957.761, 27.76508
2959.689, 27.15954
2961.618, 27.02881
2963.546, 27.39291
2965.475, 27.80944
2967.403, 27.76094
2969.332, 27.62600
2971.260, 27.60846
2973.188, 27.30887
2975.117, 27.18142
2977.045, 27.19762
2978.974, 27.26783
2980.902, 27.18435
2982.831, 26.99766
2984.759, 26.59689
2986.688, 26.38615
2988.616, 25.97644
2990.545, 25.71045
2992.473, 26.07616
2994.402, 25.91981
2996.330, 25.81371
2998.259, 25.78692
3000.187, 24.96637
3002.115, 24.76904
3004.044, 24.97059
3005.972, 25.16154
3007.901, 25.03176
3009.829, 25.03069
3011.758, 25.14126
3013.686, 24.83636
3015.615, 25.28224
3017.543, 25.31133
3019.472, 24.56109
3021.400, 24.96353
3023.329, 24.93955
3025.257, 24.99765
3027.186, 25.91100
3029.114, 24.83525
3031.042, 24.15196
3032.971, 24.42410
3034.899, 24.37355
3036.828, 24.75665
3038.756, 24.94039
3040.685, 24.53292
3042.613, 24.37312
3044.542, 24.29279
3046.470, 24.12640
3048.399, 23.86823
3050.327, 23.85411
3052.256, 23.81655
3054.184, 23.85483
3056.113, 24.15860
3058.041, 24.43492
3059.969, 24.57328
3061.898, 24.25720
3063.826, 23.35132
3065.755, 23.29131
3067.683, 23.36548
3069.612, 23.03393
3071.540, 23.41285
3073.469, 23.24290
3075.397, 22.67825
3077.326, 22.62163
3079.254, 22.79853
3081.183, 22.71129
3083.111, 22.49779
3085.040, 21.99121
3086.968, 22.30184
3088.896, 22.58650
3090.825, 22.57340
3092.753, 22.79924
3094.682, 22.79285
3096.610, 22.46713
3098.539, 21.58870
3100.467, 21.75894
3102.396, 22.10923
3104.324, 22.32605
3106.253, 22.18963
3108.181, 21.61677
3110.110, 21.23740
3112.038, 21.21984
3113.967, 22.43182
3115.895, 22.92923
3117.823, 22.18398
3119.752, 21.33522
3121.680, 21.72496
3123.609, 21.53479
3125.537, 21.21441
3127.466, 21.01225
3129.394, 20.80741
3131.323, 21.36254
3133.251, 21.39142
3135.180, 20.63846
3137.108, 20.77141
3139.037, 20.60800
3140.965, 20.09334
3142.894, 19.52123
3144.822, 20.47997
3146.750, 20.11253
3148.679, 19.49514
3150.607, 20.17488
3152.536, 20.09722
3154.464, 20.06649
3156.393, 20.00707
3158.321, 18.97217
3160.250, 19.35346
3162.178, 19.52320
3164.107, 19.59780
3166.035, 20.24884
3167.964, 19.56206
3169.892, 19.29370
3171.821, 19.47554
3173.749, 19.02396
3175.677, 19.12208
3177.606, 19.26590
3179.534, 19.32349
3181.463, 19.94900
3183.391, 19.43131
3185.320, 19.02499
3187.248, 18.96863
3189.177, 18.81039
3191.105, 18.55496
3193.034, 18.45474
3194.962, 18.30737
3196.891, 18.00725
3198.819, 17.76783
3200.748, 17.54831
3202.676, 17.50942
3204.604, 17.77127
3206.533, 16.78021
3208.461, 17.33682
3210.390, 18.51376
3212.318, 17.83820
3214.247, 17.92024
3216.175, 17.59029
3218.104, 17.17004
3220.032, 17.40979
3221.961, 16.93965
3223.889, 16.90756
3225.818, 17.05087
3227.746, 16.80596
3229.675, 16.76528
3231.603, 16.54409
3233.531, 16.61069
3235.460, 17.20168
3237.388, 16.63481
3239.317, 16.63700
3241.245, 16.55726
3243.174, 15.73312
3245.102, 15.07304
3247.031, 16.30639
3248.959, 16.86422
3250.888, 15.88013
3252.816, 15.76242
3254.745, 15.79115
3256.673, 15.81145
3258.602, 15.83841
3260.530, 15.79551
3262.458, 15.64687
3264.387, 15.67034
3266.315, 15.75132
3268.244, 15.48782
3270.172, 15.32984
3272.101, 14.82744
3274.029, 14.61452
3275.958, 15.15005
3277.886, 14.74666
3279.815, 14.43055
3281.743, 14.52414
3283.672, 14.81865
3285.600, 14.32400
3287.529, 14.31322
3289.457, 14.51785
3291.385, 14.65286
3293.314, 15.01735
3295.242, 14.96779
3297.171, 14.50413
3299.099, 14.23574
3301.028, 15.34144
3302.956, 14.97835
3304.885, 14.72292
3306.813, 14.63684
3308.742, 14.55971
3310.670, 14.53656
3312.599, 14.98710
3314.527, 14.89649
3316.456, 14.01288
3318.384, 14.22876
3320.313, 14.68023
3322.241, 14.57111
3324.169, 14.08189
3326.098, 13.55702
3328.026, 13.90976
3329.955, 13.82962
3331.883, 13.69624
3333.812, 14.02955
3335.740, 13.82084
3337.669, 13.74596
3339.597, 13.34489
3341.526, 13.02625
3343.454, 14.42434
3345.383, 13.67808
3347.311, 14.01223
3349.240, 14.67001
3351.168, 14.02755
3353.096, 13.52201
3355.025, 13.85576
3356.953, 13.85853
3358.882, 13.47148
3360.810, 13.72661
3362.739, 13.90816
3364.667, 13.18903
3366.596, 12.95118
3368.524, 14.19325
3370.453, 12.91180
3372.381, 13.28911
3374.310, 13.58413
3376.238, 12.51255
3378.167, 13.29283
3380.095, 13.73385
3382.023, 13.85386
3383.952, 12.69136
3385.880, 13.18495
3387.809, 13.01486
3389.737, 12.81754
3391.666, 13.54423
3393.594, 12.56826
3395.523, 13.28029
3397.451, 13.31850
3399.380, 12.93885
3401.308, 12.04186
3403.237, 11.86157
3405.165, 13.26732
3407.094, 12.95328
3409.022, 12.31087
3410.950, 12.13692
3412.879, 12.59491
3414.807, 13.50672
3416.736, 12.77970
3418.664, 12.78760
3420.593, 13.19680
3422.521, 12.11973
3424.450, 12.25284
3426.378, 12.25286
3428.307, 12.06979
3430.235, 11.91941
3432.164, 12.01925
3434.092, 12.27831
3436.021, 12.11769
3437.949, 11.34506
3439.877, 12.11494
3441.806, 12.54556
3443.734, 12.65517
3445.663, 11.48226
3447.591, 11.96546
3449.520, 11.78496
3451.448, 11.57725
3453.377, 12.29353
3455.305, 11.30717
3457.234, 12.00880
3459.162, 12.03661
3461.091, 12.37281
3463.019, 12.00147
3464.948, 11.99805
3466.876, 12.03878
3468.804, 12.15586
3470.733, 12.52536
3472.661, 11.33780
3474.590, 10.66887
3476.518, 10.90127
3478.447, 10.85763
3480.375, 10.39813
3482.304, 11.49584
3484.232, 11.86899
3486.161, 11.12741
3488.089, 10.79044
3490.018, 11.04198
3491.946, 11.43110
3493.875, 11.49140
3495.803, 11.15978
3497.731, 10.69167
3499.660, 10.39692
3501.588, 10.69870
3503.517, 10.65884
3505.445, 10.41370
3507.374, 10.69911
3509.302, 10.07015
3511.231, 10.02098
3513.159, 10.69505
3515.088, 11.06946
3517.016, 10.18397
3518.945, 10.65311
3520.873, 10.44377
3522.802, 9.873478
3524.730, 10.15609
3526.658, 11.68990
3528.587, 9.772040
3530.515, 10.28907
3532.444, 10.98611
3534.372, 11.09766
3536.301, 10.77164
3538.229, 9.645694
3540.158, 8.616068
3542.086, 9.396927
3544.015, 10.22020
3545.943, 9.901064
3547.872, 9.402383
3549.800, 9.952010
3551.729, 9.965297
3553.657, 9.921204
3555.585, 9.991978
3557.514, 9.763224
3559.442, 9.521798
3561.371, 9.651358
3563.299, 9.172158
3565.228, 8.995535
3567.156, 9.949297
3569.085, 8.969869
3571.013, 9.863944
3572.942, 10.43861
3574.870, 9.846389
3576.799, 8.826705
3578.727, 9.610303
3580.656, 9.215435
3582.584, 9.746936
3584.512, 9.660242
3586.441, 8.859410
3588.369, 8.622656
3590.298, 9.012924
3592.226, 9.550464
3594.155, 9.626685
3596.083, 9.177580
3598.012, 8.711552
3599.940, 9.170259
3601.869, 9.277340
3603.797, 9.568798
3605.726, 8.774146
3607.654, 7.865758
3609.583, 8.460737
3611.511, 8.358040
3613.439, 8.280765
3615.368, 8.817651
3617.296, 9.187482
3619.225, 8.747973
3621.153, 7.723174
3623.082, 8.498385
3625.010, 8.821834
3626.939, 7.865801
3628.867, 7.575014
3630.796, 8.883954
3632.724, 7.666162
3634.653, 8.958365
3636.581, 8.745958
3638.510, 8.408841
3640.438, 8.357223
3642.366, 7.950004
3644.295, 9.259555
3646.223, 7.907976
3648.152, 8.449187
3650.080, 9.113008
3652.009, 8.639846
3653.937, 8.072153
3655.866, 8.087872
3657.794, 8.534405
3659.723, 7.673421
3661.651, 7.825856
3663.580, 8.735509
3665.508, 7.404372
3667.437, 8.110656
3669.365, 8.123695
3671.293, 8.214453
3673.222, 8.319018
3675.150, 8.116202
3677.079, 7.636054
3679.007, 7.556760
3680.936, 6.751668
3682.864, 7.081198
3684.793, 7.383625
3686.721, 7.161519
3688.650, 7.665725
3690.578, 6.269099
3692.507, 6.191038
3694.435, 6.217703
3696.364, 6.591435
3698.292, 7.152553
3700.220, 7.093956
3702.149, 8.061478
3704.077, 6.890561
3706.006, 6.998397
3707.934, 6.952525
3709.863, 6.580736
3711.791, 7.193569
3713.720, 7.541633
3715.648, 6.605758
3717.577, 6.696253
3719.505, 7.099757
3721.434, 6.894800
3723.362, 6.130135
3725.291, 5.824303
3727.219, 7.155212
3729.147, 6.701063
3731.076, 6.890480
3733.004, 7.025738
3734.933, 6.353080
3736.861, 6.025518
3738.790, 5.990053
3740.718, 5.643092
3742.647, 6.002020
3744.575, 6.269847
3746.504, 6.061144
3748.432, 5.721445
3750.361, 5.562665
3752.289, 5.946170
3754.218, 4.762896
3756.146, 5.004629
3758.074, 5.477104
3760.003, 5.183379
3761.931, 5.513814
3763.860, 5.961619
3765.788, 5.630647
3767.717, 5.178617
3769.645, 5.473389
3771.574, 6.291617
3773.502, 6.613575
3775.431, 5.634806
3777.359, 5.943067
3779.288, 5.348620
3781.216, 5.717544
3783.145, 5.847183
3785.073, 5.354425
3787.001, 5.066185
3788.930, 4.935262
3790.858, 4.603049
3792.787, 5.445007
3794.715, 6.308536
3796.644, 5.544024
3798.572, 4.523612
3800.501, 5.210723
3802.429, 4.970893
3804.358, 5.393153
3806.286, 5.308545
3808.215, 4.857644
3810.143, 4.290001
3812.072, 4.454448
3814.000, 5.523659
3815.928, 5.256648
3817.857, 4.426383
3819.785, 4.490820
3821.714, 4.542171
3823.642, 4.524283
3825.571, 4.213780
3827.499, 3.686540
3829.428, 4.070566
3831.356, 4.302037
3833.285, 3.899087
3835.213, 3.711875
3837.142, 3.878999
3839.070, 3.991631
3840.999, 3.786633
3842.927, 3.428441
3844.855, 3.350841
3846.784, 3.979047
3848.712, 3.979818
3850.641, 3.774139
3852.569, 4.566231
3854.498, 5.596161
3856.426, 5.327374
3858.355, 5.117842
3860.283, 4.115883
3862.212, 3.824031
3864.140, 4.590283
3866.069, 4.433218
3867.997, 4.171471
3869.926, 4.449328
3871.854, 3.930053
3873.782, 4.561390
3875.711, 3.777803
3877.639, 3.925117
3879.568, 4.193086
3881.496, 3.744547
3883.425, 3.367649
3885.353, 3.656871
3887.282, 3.733336
3889.210, 4.192384
3891.139, 3.718357
3893.067, 3.114705
3894.996, 3.345810
3896.924, 3.826715
3898.853, 3.935855
3900.781, 3.694144
3902.709, 3.463786
3904.638, 3.449500
3906.566, 2.573169
3908.495, 3.187307
3910.423, 3.323388
3912.352, 3.387695
3914.280, 3.612349
3916.209, 3.771359
3918.137, 3.960581
3920.066, 3.062163
3921.994, 2.645597
3923.923, 2.895534
3925.851, 2.895235
3927.780, 3.577435
3929.708, 3.214929
3931.636, 2.451973
3933.565, 3.465378
3935.493, 2.621864
3937.422, 2.010656
3939.350, 3.992969
3941.279, 2.786540
3943.207, 2.900796
3945.136, 4.006175
3947.064, 3.657062
3948.993, 2.465693
3950.921, 2.890576
3952.850, 3.217284
3954.778, 2.673527
3956.707, 2.916884
3958.635, 1.843325
3960.563, 1.682758
3962.492, 2.005152
3964.420, 2.175730
3966.349, 2.519655
3968.277, 2.661680
3970.206, 1.713978
3972.134, 2.887064
3974.063, 2.980376
3975.991, 2.625506
3977.920, 2.281600
3979.848, 2.178524
3981.777, 2.096027
3983.705, 2.408249
3985.634, 2.334769
3987.562, 2.346043
3989.490, 2.536088
3991.419, 2.100794
3993.347, 2.026235
3995.276, 2.085016
3997.204, 1.240474
3999.133, 2.075426
4001.061, 1.713116
4002.990, 1.740387
4004.918, 2.039954
4006.847, 2.171026
4008.775, 2.615425
4010.704, 1.420331
4012.632, 2.119560
4014.561, 2.162986
4016.489, 1.338501
4018.417, 2.229190
4020.346, 1.846671
4022.274, 0.9315332
4024.203, 1.073820
4026.131, 1.451982
4028.060, 1.034308
4029.988, 1.873530
4031.917, 1.490311
4033.845, 1.147517
4035.774, 1.074458
4037.702, 1.311780
4039.631, 1.308054
4041.559, 1.628271
4043.488, 1.785002
4045.416, 1.090560
4047.344, 1.097492
4049.273, 1.546853
4051.201, 1.361065
4053.130, 1.648971
4055.058, 0.6942391
4056.987, 0.8469653
4058.915, 1.406697
4060.844, 1.702807
4062.772, 1.674616
4064.701, 1.393917
4066.629, 1.148624
4068.558, 0.9335693
4070.486, 1.708717
4072.415, 1.533290
4074.343, 1.134444
4076.271, 1.799958
4078.200, 1.466030
4080.128, 1.128405
4082.057, 0.9029074
4083.985, 0.2402842
4085.914, -0.1384314
4087.842, 0.3571802
4089.771, 0.8893441
4091.699, 0.3811419
4093.628, -6.2342580E-02
4095.556, 1.167616
4097.484, 1.511393
4099.413, 1.336336
4101.341, 1.1422730E-02
4103.270, -2.8323861E-02
4105.198, 1.486183
4107.127, 1.888627
4109.055, 1.024135
4110.984, -7.3059849E-02
4112.912, 0.4771871
4114.841, -0.3969969
4116.769, 0.7801474
4118.698, 0.9564275
4120.626, 6.5675490E-02
4122.555, 0.2133023
4124.483, 0.3874379
4126.412, 0.4914699
4128.340, 0.9376993
4130.269, 0.9106106
4132.197, 0.1365599
4134.125, -7.4248597E-02
4136.054, 1.3125180E-02
4137.982, -7.1483687E-02
4139.911, 0.3297510
4141.839, 0.2598467
4143.768, -0.1172082
4145.696, 6.0274292E-02
4147.625, 0.4186415
4149.553, 0.6010547
4151.481, 0.1605201
4153.410, -0.7757816
4155.338, -0.8135424
4157.267, 0.5951546
4159.195, 1.108475
4161.124, -0.4400793
4163.052, -0.2757849
4164.981, -0.2046811
4166.909, -0.3717056
4168.838, -0.3880228
4170.766, 0.1345270
4172.695, 1.060470
4174.623, 0.6751584
4176.552, -3.7663039E-02
4178.480, 0.1588378
4180.409, 0.4356926
4182.337, 0.4883612
4184.266, 0.3552175
4186.194, -0.5871736
4188.123, -0.2725498
4190.051, 0.2023944
4191.979, 0.2735694
4193.908, 0.1189003
4195.836, -0.3168014
4197.765, 0.2240772
4199.693, 0.2926031
4201.622, -0.4092962
4203.550, 0.1493208
4205.479, 0.3101405
4207.407, -0.1600637
4209.335, 0.4990062
4211.264, -0.5699221
4213.192, -0.7578049
4215.121, -0.9261855
4217.049, -0.1541924
4218.978, 0.5996606
4220.906, -0.1287207
4222.835, -0.6176894
4224.763, -1.174863
4226.692, -1.124346
4228.620, -0.2296577
4230.549, 0.3649753
4232.477, 0.4197576
4234.406, -0.1856589
4236.334, -0.8842951
4238.263, -0.8340158
4240.191, -0.4513161
4242.120, -0.3713706
4244.048, 5.0434340E-02
4245.977, 0.4842184
4247.905, 0.4103035
4249.833, 8.9311786E-03
4251.762, -0.3261382
4253.690, 0.5446212
4255.619, -0.5522104
4257.547, -0.5515404
4259.476, -0.2101755
4261.404, -0.6139547
4263.333, -0.5775790
4265.261, -0.1880407
4267.189, -0.8877156
4269.118, -1.051960
4271.046, -1.020626
4272.975, -0.4116820
4274.903, 0.4078903
4276.832, -0.6290653
4278.760, -2.0465489E-02
4280.689, -0.5878939
4282.617, 0.4063590
4284.546, 0.1174919
4286.474, 6.1000818E-03
4288.403, -0.7341196
4290.331, 0.3900749
4292.260, 0.4581097
4294.188, 8.1114627E-02
4296.117, -0.3514678
4298.045, -0.1803791
4299.974, 0.7275525
4301.902, 0.5746974
4303.831, -0.6206453
4305.759, -0.1948679
4307.688, -0.3694097
4309.616, 5.0206382E-02
4311.544, 0.6050040
4313.473, 0.3052259
4315.401, 5.9451819E-03
4317.330, -0.2980984
4319.258, -2.4731699E-02
4321.187, -0.1319298
4323.115, -0.4758947
4325.043, -0.8514353
4326.972, -0.1521470
4328.900, 0.6347279
4330.829, 2.417428
4332.757, 8.3496161E-02
4334.686, 8.7681293E-02
4336.614, -0.1776518
4338.543, 0.1422325
4340.471, 0.2170973
4342.400, 0.5282329
4344.328, 0.4138227
4346.257, -0.4908312
4348.185, -0.5052602
4350.114, -0.7379307
4352.042, 0.3354406
4353.971, 0.8003678
4355.899, 0.1346308
4357.828, -0.3026344
4359.756, -5.4125082E-02
4361.685, -0.5716295
4363.613, -0.5795773
4365.542, -0.5711783
4367.470, 0.1123985
4369.398, 0.3745033
4371.327, -0.6058086
4373.255, -0.3904656
4375.184, -0.8732740
4377.112, -0.7008223
4379.041, -0.7618944
4380.969, -1.349802
##END=



