##NAMES=Quartz
##RRUFFID=R150074
##IDEAL CHEMISTRY=SiO_2_
##LOCALITY=Selvino, Bergamo, Italy
##OWNER=RRUFF
##SOURCE=UAMM 9180
##DESCRIPTION=Colorless doubly terminated crystals
##STATUS=The identification of this mineral has been determined only by Raman spectroscopy
##URL=https://www.rruff.net/odr/rruff_sample/R150074
##FILETYPE=Raman RAW
##RAMAN WAVELENGTH=780

7.687793e+001, 1.802992e+003
7.880640e+001, 1.758625e+003
8.073486e+001, 1.742280e+003
8.266333e+001, 1.755362e+003
8.459180e+001, 1.794210e+003
8.652026e+001, 1.863064e+003
8.844873e+001, 1.959325e+003
9.037720e+001, 2.043711e+003
9.230566e+001, 2.096642e+003
9.423413e+001, 2.040407e+003
9.616260e+001, 1.934828e+003
9.809106e+001, 1.862135e+003
1.000195e+002, 1.808749e+003
1.019480e+002, 1.770797e+003
1.038765e+002, 1.737013e+003
1.058049e+002, 1.687937e+003
1.077334e+002, 1.661264e+003
1.096619e+002, 1.655589e+003
1.115903e+002, 1.679400e+003
1.135188e+002, 1.732371e+003
1.154473e+002, 1.810964e+003
1.173757e+002, 1.955878e+003
1.193042e+002, 2.124641e+003
1.212327e+002, 2.420697e+003
1.231611e+002, 2.856472e+003
1.250896e+002, 3.452125e+003
1.270181e+002, 4.352563e+003
1.289465e+002, 5.556669e+003
1.308750e+002, 6.301375e+003
1.328035e+002, 6.422075e+003
1.347319e+002, 6.178823e+003
1.366604e+002, 5.345332e+003
1.385889e+002, 4.351212e+003
1.405173e+002, 3.589217e+003
1.424458e+002, 3.052156e+003
1.443743e+002, 2.637156e+003
1.463027e+002, 2.390288e+003
1.482312e+002, 2.194481e+003
1.501597e+002, 2.049798e+003
1.520881e+002, 1.939678e+003
1.540166e+002, 1.849666e+003
1.559451e+002, 1.779481e+003
1.578735e+002, 1.731056e+003
1.598020e+002, 1.703576e+003
1.617305e+002, 1.700920e+003
1.636589e+002, 1.722656e+003
1.655874e+002, 1.771679e+003
1.675159e+002, 1.850591e+003
1.694443e+002, 1.956429e+003
1.713728e+002, 2.081179e+003
1.733013e+002, 2.226101e+003
1.752297e+002, 2.391406e+003
1.771582e+002, 2.573810e+003
1.790867e+002, 2.780876e+003
1.810151e+002, 3.009987e+003
1.829436e+002, 3.267930e+003
1.848721e+002, 3.566018e+003
1.868005e+002, 3.901624e+003
1.887290e+002, 4.301042e+003
1.906575e+002, 4.755594e+003
1.925859e+002, 5.284783e+003
1.945144e+002, 5.912958e+003
1.964429e+002, 6.614345e+003
1.983713e+002, 7.392556e+003
2.002998e+002, 8.250280e+003
2.022283e+002, 9.076900e+003
2.041567e+002, 9.924192e+003
2.060852e+002, 1.060283e+004
2.080137e+002, 1.110241e+004
2.099421e+002, 1.135058e+004
2.118706e+002, 1.128479e+004
2.137991e+002, 1.093760e+004
2.157275e+002, 1.039590e+004
2.176560e+002, 9.644970e+003
2.195845e+002, 8.834455e+003
2.215129e+002, 7.928813e+003
2.234414e+002, 7.063053e+003
2.253699e+002, 6.276461e+003
2.272983e+002, 5.567491e+003
2.292268e+002, 4.934655e+003
2.311553e+002, 4.382471e+003
2.330837e+002, 3.905965e+003
2.350122e+002, 3.514811e+003
2.369407e+002, 3.175857e+003
2.388691e+002, 2.886716e+003
2.407976e+002, 2.637544e+003
2.427261e+002, 2.428322e+003
2.446545e+002, 2.256833e+003
2.465830e+002, 2.114636e+003
2.485115e+002, 2.000737e+003
2.504399e+002, 1.907990e+003
2.523684e+002, 1.836472e+003
2.542969e+002, 1.785659e+003
2.562253e+002, 1.748511e+003
2.581538e+002, 1.735236e+003
2.600823e+002, 1.761023e+003
2.620107e+002, 1.822989e+003
2.639392e+002, 1.922505e+003
2.658677e+002, 2.092495e+003
2.677961e+002, 2.175116e+003
2.697246e+002, 2.115054e+003
2.716531e+002, 1.983082e+003
2.735815e+002, 1.766629e+003
2.755100e+002, 1.518256e+003
2.774385e+002, 1.324965e+003
2.793669e+002, 1.182980e+003
2.812954e+002, 1.065361e+003
2.832239e+002, 9.729908e+002
2.851523e+002, 8.986091e+002
2.870808e+002, 8.453134e+002
2.890093e+002, 8.036884e+002
2.909377e+002, 7.699096e+002
2.928662e+002, 7.425016e+002
2.947947e+002, 7.184215e+002
2.967231e+002, 6.976798e+002
2.986516e+002, 6.796802e+002
3.005801e+002, 6.646708e+002
3.025085e+002, 6.520782e+002
3.044370e+002, 6.428944e+002
3.063655e+002, 6.351775e+002
3.082939e+002, 6.263470e+002
3.102224e+002, 6.179503e+002
3.121509e+002, 6.141786e+002
3.140793e+002, 6.164481e+002
3.160078e+002, 6.182150e+002
3.179363e+002, 6.168575e+002
3.198647e+002, 6.179238e+002
3.217932e+002, 6.237752e+002
3.237217e+002, 6.319273e+002
3.256501e+002, 6.412799e+002
3.275786e+002, 6.511715e+002
3.295071e+002, 6.593325e+002
3.314355e+002, 6.649276e+002
3.333640e+002, 6.709901e+002
3.352925e+002, 6.740790e+002
3.372209e+002, 6.823467e+002
3.391494e+002, 6.932039e+002
3.410779e+002, 7.152811e+002
3.430063e+002, 7.497834e+002
3.449348e+002, 7.995223e+002
3.468633e+002, 8.707780e+002
3.487917e+002, 9.541397e+002
3.507202e+002, 1.097377e+003
3.526487e+002, 1.316642e+003
3.545771e+002, 1.564973e+003
3.565056e+002, 1.939484e+003
3.584341e+002, 2.208921e+003
3.603625e+002, 2.199817e+003
3.622910e+002, 1.987483e+003
3.642195e+002, 1.730050e+003
3.661479e+002, 1.408577e+003
3.680764e+002, 1.161613e+003
3.700049e+002, 1.000343e+003
3.719333e+002, 8.789504e+002
3.738618e+002, 7.961955e+002
3.757903e+002, 7.369094e+002
3.777188e+002, 6.928679e+002
3.796472e+002, 6.642018e+002
3.815757e+002, 6.514569e+002
3.835042e+002, 6.552056e+002
3.854326e+002, 6.725859e+002
3.873611e+002, 7.010369e+002
3.892896e+002, 7.532299e+002
3.912180e+002, 8.385931e+002
3.931465e+002, 9.374561e+002
3.950750e+002, 1.078402e+003
3.970034e+002, 1.196575e+003
3.989319e+002, 1.213037e+003
4.008604e+002, 1.148607e+003
4.027888e+002, 1.095786e+003
4.047173e+002, 1.055016e+003
4.066458e+002, 1.005350e+003
4.085742e+002, 9.391818e+002
4.105027e+002, 8.763366e+002
4.124312e+002, 8.156788e+002
4.143596e+002, 7.690298e+002
4.162881e+002, 7.427913e+002
4.182166e+002, 7.355569e+002
4.201450e+002, 7.449892e+002
4.220735e+002, 7.713541e+002
4.240020e+002, 8.143811e+002
4.259304e+002, 8.703596e+002
4.278589e+002, 9.645510e+002
4.297874e+002, 1.102500e+003
4.317158e+002, 1.283328e+003
4.336443e+002, 1.526649e+003
4.355728e+002, 1.793408e+003
4.375012e+002, 2.057161e+003
4.394297e+002, 2.316948e+003
4.413582e+002, 2.554306e+003
4.432866e+002, 2.776192e+003
4.452151e+002, 3.060470e+003
4.471436e+002, 3.374175e+003
4.490720e+002, 3.873198e+003
4.510005e+002, 4.495314e+003
4.529290e+002, 5.407127e+003
4.548574e+002, 6.553784e+003
4.567859e+002, 8.120580e+003
4.587144e+002, 1.030466e+004
4.606428e+002, 1.306467e+004
4.625713e+002, 1.666452e+004
4.644998e+002, 2.114372e+004
4.664282e+002, 2.445054e+004
4.683567e+002, 2.677601e+004
4.702852e+002, 2.702654e+004
4.722136e+002, 2.405326e+004
4.741421e+002, 2.042715e+004
4.760706e+002, 1.663139e+004
4.779990e+002, 1.314421e+004
4.799275e+002, 1.042998e+004
4.818560e+002, 8.340934e+003
4.837844e+002, 6.663217e+003
4.857129e+002, 5.408206e+003
4.876414e+002, 4.389227e+003
4.895698e+002, 3.674126e+003
4.914983e+002, 3.095382e+003
4.934268e+002, 2.686170e+003
4.953552e+002, 2.363474e+003
4.972837e+002, 2.119789e+003
4.992122e+002, 1.933290e+003
5.011406e+002, 1.790450e+003
5.030691e+002, 1.689191e+003
5.049976e+002, 1.632194e+003
5.069260e+002, 1.619383e+003
5.088545e+002, 1.627967e+003
5.107830e+002, 1.691064e+003
5.127114e+002, 1.689199e+003
5.146399e+002, 1.600674e+003
5.165684e+002, 1.487366e+003
5.184968e+002, 1.346524e+003
5.204253e+002, 1.214383e+003
5.223538e+002, 1.110956e+003
5.242822e+002, 1.028489e+003
5.262107e+002, 9.623281e+002
5.281392e+002, 9.106405e+002
5.300676e+002, 8.662400e+002
5.319961e+002, 8.296315e+002
5.339246e+002, 7.997147e+002
5.358530e+002, 7.778349e+002
5.377815e+002, 7.572057e+002
5.397100e+002, 7.359138e+002
5.416384e+002, 7.169846e+002
5.435669e+002, 7.027703e+002
5.454954e+002, 6.902744e+002
5.474238e+002, 6.788183e+002
5.493523e+002, 6.672697e+002
5.512808e+002, 6.533569e+002
5.532092e+002, 6.376726e+002
5.551377e+002, 6.238912e+002
5.570662e+002, 6.120045e+002
5.589946e+002, 5.995654e+002
5.609231e+002, 5.861776e+002
5.628516e+002, 5.730408e+002
5.647800e+002, 5.593542e+002
5.667085e+002, 5.480331e+002
5.686370e+002, 5.416052e+002
5.705654e+002, 5.359505e+002
5.724939e+002, 5.278880e+002
5.744224e+002, 5.192233e+002
5.763508e+002, 5.120126e+002
5.782793e+002, 5.064767e+002
5.802078e+002, 5.036053e+002
5.821362e+002, 5.032130e+002
5.840647e+002, 5.027889e+002
5.859932e+002, 5.023010e+002
5.879216e+002, 5.006898e+002
5.898501e+002, 4.960093e+002
5.917786e+002, 4.932413e+002
5.937070e+002, 4.960455e+002
5.956355e+002, 4.980413e+002
5.975640e+002, 4.952238e+002
5.994924e+002, 4.904156e+002
6.014209e+002, 4.864878e+002
6.033494e+002, 4.828247e+002
6.052778e+002, 4.779886e+002
6.072063e+002, 4.722776e+002
6.091348e+002, 4.671859e+002
6.110632e+002, 4.627900e+002
6.129917e+002, 4.589804e+002
6.149202e+002, 4.556816e+002
6.168486e+002, 4.530986e+002
6.187771e+002, 4.515157e+002
6.207056e+002, 4.502250e+002
6.226340e+002, 4.489334e+002
6.245625e+002, 4.479497e+002
6.264910e+002, 4.483173e+002
6.284194e+002, 4.483887e+002
6.303479e+002, 4.452834e+002
6.322764e+002, 4.410284e+002
6.342048e+002, 4.405233e+002
6.361333e+002, 4.433452e+002
6.380618e+002, 4.430670e+002
6.399902e+002, 4.384174e+002
6.419187e+002, 4.348101e+002
6.438472e+002, 4.331403e+002
6.457756e+002, 4.311862e+002
6.477041e+002, 4.284961e+002
6.496326e+002, 4.260094e+002
6.515610e+002, 4.245947e+002
6.534895e+002, 4.226467e+002
6.554180e+002, 4.182180e+002
6.573464e+002, 4.138771e+002
6.592749e+002, 4.120192e+002
6.612034e+002, 4.115879e+002
6.631318e+002, 4.105303e+002
6.650603e+002, 4.092480e+002
6.669888e+002, 4.101928e+002
6.689172e+002, 4.137076e+002
6.708457e+002, 4.159100e+002
6.727742e+002, 4.161762e+002
6.747026e+002, 4.173795e+002
6.766311e+002, 4.191464e+002
6.785596e+002, 4.235238e+002
6.804880e+002, 4.319021e+002
6.824165e+002, 4.409117e+002
6.843450e+002, 4.470578e+002
6.862734e+002, 4.564452e+002
6.882019e+002, 4.731162e+002
6.901304e+002, 4.936672e+002
6.920588e+002, 5.159052e+002
6.939873e+002, 5.393899e+002
6.959158e+002, 5.678367e+002
6.978442e+002, 5.966943e+002
6.997727e+002, 6.076441e+002
7.017012e+002, 6.004320e+002
7.036296e+002, 5.813937e+002
7.055581e+002, 5.497253e+002
7.074866e+002, 5.209750e+002
7.094150e+002, 4.964487e+002
7.113435e+002, 4.763659e+002
7.132720e+002, 4.613268e+002
7.152004e+002, 4.493224e+002
7.171289e+002, 4.405706e+002
7.190574e+002, 4.335547e+002
7.209858e+002, 4.277133e+002
7.229143e+002, 4.234453e+002
7.248428e+002, 4.217938e+002
7.267712e+002, 4.211179e+002
7.286997e+002, 4.196924e+002
7.306282e+002, 4.180753e+002
7.325566e+002, 4.172157e+002
7.344851e+002, 4.169653e+002
7.364136e+002, 4.167222e+002
7.383420e+002, 4.166027e+002
7.402705e+002, 4.176292e+002
7.421990e+002, 4.198036e+002
7.441274e+002, 4.207796e+002
7.460559e+002, 4.201091e+002
7.479844e+002, 4.193109e+002
7.499128e+002, 4.184368e+002
7.518413e+002, 4.178624e+002
7.537698e+002, 4.174811e+002
7.556982e+002, 4.177242e+002
7.576267e+002, 4.189997e+002
7.595552e+002, 4.205665e+002
7.614836e+002, 4.218859e+002
7.634121e+002, 4.236455e+002
7.653406e+002, 4.257785e+002
7.672690e+002, 4.291031e+002
7.691975e+002, 4.353414e+002
7.711260e+002, 4.426108e+002
7.730544e+002, 4.480960e+002
7.749829e+002, 4.527409e+002
7.769114e+002, 4.581927e+002
7.788398e+002, 4.646819e+002
7.807683e+002, 4.734935e+002
7.826968e+002, 4.846955e+002
7.846252e+002, 4.966114e+002
7.865537e+002, 5.090735e+002
7.884822e+002, 5.227232e+002
7.904106e+002, 5.361749e+002
7.923391e+002, 5.537369e+002
7.942676e+002, 5.736132e+002
7.961960e+002, 6.013229e+002
7.981245e+002, 6.380895e+002
8.000530e+002, 6.816425e+002
8.019814e+002, 7.274789e+002
8.039099e+002, 7.874557e+002
8.058384e+002, 8.767165e+002
8.077668e+002, 9.664698e+002
8.096953e+002, 1.062065e+003
8.116238e+002, 1.123641e+003
8.135522e+002, 1.120852e+003
8.154807e+002, 1.074573e+003
8.174092e+002, 9.859676e+002
8.193376e+002, 8.811228e+002
8.212661e+002, 7.912680e+002
8.231946e+002, 7.171066e+002
8.251230e+002, 6.625254e+002
8.270515e+002, 6.245035e+002
8.289800e+002, 5.914588e+002
8.309084e+002, 5.635173e+002
8.328369e+002, 5.425492e+002
8.347654e+002, 5.287480e+002
8.366938e+002, 5.192703e+002
8.386223e+002, 5.143365e+002
8.405508e+002, 5.095420e+002
8.424792e+002, 5.045273e+002
8.444077e+002, 5.003765e+002
8.463362e+002, 4.971761e+002
8.482646e+002, 4.951779e+002
8.501931e+002, 4.949904e+002
8.521216e+002, 4.938583e+002
8.540500e+002, 4.910993e+002
8.559785e+002, 4.873163e+002
8.579070e+002, 4.822591e+002
8.598354e+002, 4.770059e+002
8.617639e+002, 4.711352e+002
8.636924e+002, 4.663053e+002
8.656208e+002, 4.639489e+002
8.675493e+002, 4.618152e+002
8.694778e+002, 4.587132e+002
8.714063e+002, 4.552032e+002
8.733347e+002, 4.517958e+002
8.752632e+002, 4.480471e+002
8.771917e+002, 4.424583e+002
8.791201e+002, 4.372979e+002
8.810486e+002, 4.360108e+002
8.829771e+002, 4.363437e+002
8.849055e+002, 4.347754e+002
8.868340e+002, 4.325474e+002
8.887625e+002, 4.325259e+002
8.906909e+002, 4.333391e+002
8.926194e+002, 4.318132e+002
8.945479e+002, 4.286445e+002
8.964763e+002, 4.259037e+002
8.984048e+002, 4.235018e+002
9.003333e+002, 4.210019e+002
9.022617e+002, 4.182987e+002
9.041902e+002, 4.142147e+002
9.061187e+002, 4.087344e+002
9.080471e+002, 4.045103e+002
9.099756e+002, 4.017977e+002
9.119041e+002, 3.984969e+002
9.138325e+002, 3.937070e+002
9.157610e+002, 3.921071e+002
9.176895e+002, 3.960954e+002
9.196179e+002, 3.969706e+002
9.215464e+002, 3.927874e+002
9.234749e+002, 3.889535e+002
9.254033e+002, 3.853274e+002
9.273318e+002, 3.825039e+002
9.292603e+002, 3.814890e+002
9.311887e+002, 3.792716e+002
9.331172e+002, 3.754903e+002
9.350457e+002, 3.703043e+002
9.369741e+002, 3.620764e+002
9.389026e+002, 3.563453e+002
9.408311e+002, 3.559673e+002
9.427595e+002, 3.547949e+002
9.446880e+002, 3.501353e+002
9.466165e+002, 3.461690e+002
9.485449e+002, 3.446199e+002
9.504734e+002, 3.437543e+002
9.524019e+002, 3.435953e+002
9.543303e+002, 3.424684e+002
9.562588e+002, 3.388073e+002
9.581873e+002, 3.353766e+002
9.601157e+002, 3.343813e+002
9.620442e+002, 3.327372e+002
9.639727e+002, 3.274898e+002
9.659011e+002, 3.228633e+002
9.678296e+002, 3.221470e+002
9.697581e+002, 3.214671e+002
9.716865e+002, 3.185086e+002
9.736150e+002, 3.146668e+002
9.755435e+002, 3.096616e+002
9.774719e+002, 3.056763e+002
9.794004e+002, 3.051924e+002
9.813289e+002, 3.055010e+002
9.832573e+002, 3.045929e+002
9.851858e+002, 3.031530e+002
9.871143e+002, 3.017189e+002
9.890427e+002, 3.001569e+002
9.909712e+002, 2.974836e+002
9.928997e+002, 2.955055e+002
9.948281e+002, 2.971314e+002
9.967566e+002, 2.994288e+002
9.986851e+002, 2.992417e+002
1.000614e+003, 2.977595e+002
1.002542e+003, 2.958067e+002
1.004470e+003, 2.939332e+002
1.006399e+003, 2.925761e+002
1.008327e+003, 2.919271e+002
1.010256e+003, 2.925742e+002
1.012184e+003, 2.937588e+002
1.014113e+003, 2.949940e+002
1.016041e+003, 2.957167e+002
1.017970e+003, 2.948141e+002
1.019898e+003, 2.932849e+002
1.021827e+003, 2.920417e+002
1.023755e+003, 2.914066e+002
1.025684e+003, 2.923322e+002
1.027612e+003, 2.936721e+002
1.029541e+003, 2.937247e+002
1.031469e+003, 2.933384e+002
1.033397e+003, 2.933885e+002
1.035326e+003, 2.939142e+002
1.037254e+003, 2.953882e+002
1.039183e+003, 2.969939e+002
1.041111e+003, 2.974630e+002
1.043040e+003, 2.976328e+002
1.044968e+003, 2.982619e+002
1.046897e+003, 2.995231e+002
1.048825e+003, 3.018947e+002
1.050754e+003, 3.047896e+002
1.052682e+003, 3.075838e+002
1.054611e+003, 3.103750e+002
1.056539e+003, 3.123133e+002
1.058468e+003, 3.152499e+002
1.060396e+003, 3.221357e+002
1.062324e+003, 3.304557e+002
1.064253e+003, 3.370502e+002
1.066181e+003, 3.438841e+002
1.068110e+003, 3.527020e+002
1.070038e+003, 3.632899e+002
1.071967e+003, 3.737163e+002
1.073895e+003, 3.876791e+002
1.075824e+003, 4.077365e+002
1.077752e+003, 4.342859e+002
1.079681e+003, 4.748170e+002
1.081609e+003, 5.136063e+002
1.083538e+003, 5.458221e+002
1.085466e+003, 5.596122e+002
1.087395e+003, 5.390349e+002
1.089323e+003, 5.043544e+002
1.091251e+003, 4.627027e+002
1.093180e+003, 4.227301e+002
1.095108e+003, 3.883147e+002
1.097037e+003, 3.602851e+002
1.098965e+003, 3.402488e+002
1.100894e+003, 3.252726e+002
1.102822e+003, 3.155558e+002
1.104751e+003, 3.079139e+002
1.106679e+003, 3.011639e+002
1.108608e+003, 2.955518e+002
1.110536e+003, 2.915983e+002
1.112465e+003, 2.881417e+002
1.114393e+003, 2.845841e+002
1.116322e+003, 2.816874e+002
1.118250e+003, 2.798395e+002
1.120178e+003, 2.784330e+002
1.122107e+003, 2.779756e+002
1.124035e+003, 2.765524e+002
1.125964e+003, 2.723846e+002
1.127892e+003, 2.701010e+002
1.129821e+003, 2.707861e+002
1.131749e+003, 2.732047e+002
1.133678e+003, 2.775040e+002
1.135606e+003, 2.825254e+002
1.137535e+003, 2.883323e+002
1.139463e+003, 2.938331e+002
1.141392e+003, 2.981909e+002
1.143320e+003, 3.051276e+002
1.145249e+003, 3.149008e+002
1.147177e+003, 3.277711e+002
1.149105e+003, 3.435710e+002
1.151034e+003, 3.639179e+002
1.152962e+003, 3.887638e+002
1.154891e+003, 4.221772e+002
1.156819e+003, 4.642672e+002
1.158748e+003, 5.080053e+002
1.160676e+003, 5.517067e+002
1.162605e+003, 5.774774e+002
1.164533e+003, 5.840040e+002
1.166462e+003, 5.599929e+002
1.168390e+003, 5.119476e+002
1.170319e+003, 4.644110e+002
1.172247e+003, 4.192780e+002
1.174176e+003, 3.808203e+002
1.176104e+003, 3.492252e+002
1.178032e+003, 3.260362e+002
1.179961e+003, 3.089466e+002
1.181889e+003, 2.950056e+002
1.183818e+003, 2.841126e+002
1.185746e+003, 2.771928e+002
1.187675e+003, 2.720182e+002
1.189603e+003, 2.664405e+002
1.191532e+003, 2.617389e+002
1.193460e+003, 2.591384e+002
1.195389e+003, 2.573069e+002
1.197317e+003, 2.553613e+002
1.199246e+003, 2.541097e+002
1.201174e+003, 2.541623e+002
1.203103e+003, 2.545163e+002
1.205031e+003, 2.548123e+002
1.206959e+003, 2.552597e+002
1.208888e+003, 2.559379e+002
1.210816e+003, 2.567119e+002
1.212745e+003, 2.574000e+002
1.214673e+003, 2.590019e+002
1.216602e+003, 2.617718e+002
1.218530e+003, 2.649712e+002
1.220459e+003, 2.685314e+002
1.222387e+003, 2.717296e+002
1.224316e+003, 2.745165e+002
1.226244e+003, 2.789679e+002
1.228173e+003, 2.848778e+002
1.230101e+003, 2.892194e+002
1.232030e+003, 2.917681e+002
1.233958e+003, 2.918228e+002
1.235886e+003, 2.895194e+002
1.237815e+003, 2.843557e+002
1.239743e+003, 2.778322e+002
1.241672e+003, 2.723652e+002
1.243600e+003, 2.679720e+002
1.245529e+003, 2.650526e+002
1.247457e+003, 2.627663e+002
1.249386e+003, 2.603558e+002
1.251314e+003, 2.580858e+002
1.253243e+003, 2.559943e+002
1.255171e+003, 2.543499e+002
1.257100e+003, 2.535036e+002
1.259028e+003, 2.527707e+002
1.260957e+003, 2.521485e+002
1.262885e+003, 2.511106e+002
1.264813e+003, 2.489250e+002
1.266742e+003, 2.477013e+002
1.268670e+003, 2.481087e+002
1.270599e+003, 2.478070e+002
1.272527e+003, 2.465033e+002
1.274456e+003, 2.457440e+002
1.276384e+003, 2.455923e+002
1.278313e+003, 2.443660e+002
1.280241e+003, 2.424500e+002
1.282170e+003, 2.431587e+002
1.284098e+003, 2.452913e+002
1.286027e+003, 2.446593e+002
1.287955e+003, 2.430768e+002
1.289884e+003, 2.443582e+002
1.291812e+003, 2.459363e+002
1.293740e+003, 2.444733e+002
1.295669e+003, 2.429558e+002
1.297597e+003, 2.440753e+002
1.299526e+003, 2.450439e+002
1.301454e+003, 2.437986e+002
1.303383e+003, 2.434031e+002
1.305311e+003, 2.456020e+002
1.307240e+003, 2.470408e+002
1.309168e+003, 2.469180e+002
1.311097e+003, 2.456719e+002
1.313025e+003, 2.424992e+002
1.314954e+003, 2.441303e+002
1.316882e+003, 2.514201e+002
1.318811e+003, 2.523682e+002
1.320739e+003, 2.479989e+002
1.322667e+003, 2.457466e+002
1.324596e+003, 2.450782e+002
1.326524e+003, 2.446512e+002
1.328453e+003, 2.445013e+002
1.330381e+003, 2.445544e+002
1.332310e+003, 2.450646e+002
1.334238e+003, 2.471022e+002
1.336167e+003, 2.484926e+002
1.338095e+003, 2.467130e+002
1.340024e+003, 2.461361e+002
1.341952e+003, 2.491863e+002
1.343881e+003, 2.505735e+002
1.345809e+003, 2.486872e+002
1.347738e+003, 2.476209e+002
1.349666e+003, 2.480027e+002
1.351594e+003, 2.478136e+002
1.353523e+003, 2.469991e+002
1.355451e+003, 2.467617e+002
1.357380e+003, 2.469851e+002
1.359308e+003, 2.468415e+002
1.361237e+003, 2.467461e+002
1.363165e+003, 2.483044e+002
1.365094e+003, 2.494492e+002
1.367022e+003, 2.466037e+002
1.368951e+003, 2.439201e+002
1.370879e+003, 2.447706e+002
1.372808e+003, 2.460953e+002
1.374736e+003, 2.469723e+002
1.376665e+003, 2.473564e+002
1.378593e+003, 2.472233e+002
1.380521e+003, 2.466983e+002
1.382450e+003, 2.457777e+002
1.384378e+003, 2.444545e+002
1.386307e+003, 2.428830e+002
1.388235e+003, 2.429222e+002
1.390164e+003, 2.441167e+002
1.392092e+003, 2.455872e+002
1.394021e+003, 2.464554e+002
1.395949e+003, 2.445419e+002
1.397878e+003, 2.426687e+002
1.399806e+003, 2.436691e+002
1.401735e+003, 2.447986e+002
1.403663e+003, 2.445661e+002
1.405592e+003, 2.443325e+002
1.407520e+003, 2.444199e+002
1.409448e+003, 2.448055e+002
1.411377e+003, 2.456690e+002
1.413305e+003, 2.460984e+002
1.415234e+003, 2.461120e+002
1.417162e+003, 2.467211e+002
1.419091e+003, 2.476869e+002
1.421019e+003, 2.483320e+002
1.422948e+003, 2.486508e+002
1.424876e+003, 2.482758e+002
1.426805e+003, 2.481054e+002
1.428733e+003, 2.491239e+002
1.430662e+003, 2.498774e+002
1.432590e+003, 2.496424e+002
1.434519e+003, 2.495210e+002
1.436447e+003, 2.497959e+002
1.438375e+003, 2.500027e+002
1.440304e+003, 2.500809e+002
1.442232e+003, 2.501475e+002
1.444161e+003, 2.502241e+002
1.446089e+003, 2.507832e+002
1.448018e+003, 2.510922e+002
1.449946e+003, 2.488324e+002
1.451875e+003, 2.466655e+002
1.453803e+003, 2.476457e+002
1.455732e+003, 2.490507e+002
1.457660e+003, 2.497900e+002
1.459589e+003, 2.500479e+002
1.461517e+003, 2.496620e+002
1.463446e+003, 2.502326e+002
1.465374e+003, 2.518566e+002
1.467302e+003, 2.512323e+002
1.469231e+003, 2.488279e+002
1.471159e+003, 2.472439e+002
1.473088e+003, 2.461995e+002
1.475016e+003, 2.452454e+002
1.476945e+003, 2.444157e+002
1.478873e+003, 2.440139e+002
1.480802e+003, 2.432813e+002
1.482730e+003, 2.409119e+002
1.484659e+003, 2.402901e+002
1.486587e+003, 2.427585e+002
1.488516e+003, 2.430583e+002
1.490444e+003, 2.410292e+002
1.492373e+003, 2.393202e+002
1.494301e+003, 2.381730e+002
1.496229e+003, 2.385827e+002
1.498158e+003, 2.392625e+002
1.500086e+003, 2.385384e+002
1.502015e+003, 2.376216e+002
1.503943e+003, 2.369345e+002
1.505872e+003, 2.370053e+002
1.507800e+003, 2.391478e+002
1.509729e+003, 2.390610e+002
1.511657e+003, 2.359600e+002
1.513586e+003, 2.346225e+002
1.515514e+003, 2.347826e+002
1.517443e+003, 2.351651e+002
1.519371e+003, 2.357303e+002
1.521300e+003, 2.369161e+002
1.523228e+003, 2.374574e+002
1.525156e+003, 2.359761e+002
1.527085e+003, 2.350742e+002
1.529013e+003, 2.360105e+002
1.530942e+003, 2.359417e+002
1.532870e+003, 2.341785e+002
1.534799e+003, 2.349691e+002
1.536727e+003, 2.375425e+002
1.538656e+003, 2.375731e+002
1.540584e+003, 2.359399e+002
1.542513e+003, 2.330556e+002
1.544441e+003, 2.307005e+002
1.546370e+003, 2.287711e+002
1.548298e+003, 2.313965e+002
1.550227e+003, 2.414425e+002
1.552155e+003, 2.449547e+002
1.554083e+003, 2.402720e+002
1.556012e+003, 2.383022e+002
1.557940e+003, 2.388289e+002
1.559869e+003, 2.403740e+002
1.561797e+003, 2.415971e+002
1.563726e+003, 2.400429e+002
1.565654e+003, 2.385529e+002
1.567583e+003, 2.386612e+002
1.569511e+003, 2.398032e+002
1.571440e+003, 2.422269e+002
1.573368e+003, 2.428982e+002
1.575297e+003, 2.417827e+002
1.577225e+003, 2.397212e+002
1.579154e+003, 2.381043e+002
1.581082e+003, 2.403011e+002
1.583010e+003, 2.432269e+002
1.584939e+003, 2.446304e+002
1.586867e+003, 2.449530e+002
1.588796e+003, 2.442376e+002
1.590724e+003, 2.422843e+002
1.592653e+003, 2.389317e+002
1.594581e+003, 2.392722e+002
1.596510e+003, 2.420013e+002
1.598438e+003, 2.423321e+002
1.600367e+003, 2.419650e+002
1.602295e+003, 2.427478e+002
1.604224e+003, 2.436379e+002
1.606152e+003, 2.444192e+002
1.608081e+003, 2.444524e+002
1.610009e+003, 2.432050e+002
1.611938e+003, 2.434089e+002
1.613866e+003, 2.447231e+002
1.615794e+003, 2.457915e+002
1.617723e+003, 2.456728e+002
1.619651e+003, 2.418028e+002
1.621580e+003, 2.386695e+002
1.623508e+003, 2.389354e+002
1.625437e+003, 2.395209e+002
1.627365e+003, 2.399782e+002
1.629294e+003, 2.388165e+002
1.631222e+003, 2.363614e+002
1.633151e+003, 2.346153e+002
1.635079e+003, 2.333935e+002
1.637008e+003, 2.328053e+002
1.638936e+003, 2.318904e+002
1.640865e+003, 2.296561e+002
1.642793e+003, 2.293369e+002
1.644721e+003, 2.318816e+002
1.646650e+003, 2.312143e+002
1.648578e+003, 2.280399e+002
1.650507e+003, 2.273816e+002
1.652435e+003, 2.276933e+002
1.654364e+003, 2.267168e+002
1.656292e+003, 2.261494e+002
1.658221e+003, 2.270698e+002
1.660149e+003, 2.271987e+002
1.662078e+003, 2.261711e+002
1.664006e+003, 2.238967e+002
1.665935e+003, 2.211319e+002
1.667863e+003, 2.198842e+002
1.669792e+003, 2.199344e+002
1.671720e+003, 2.223064e+002
1.673648e+003, 2.235138e+002
1.675577e+003, 2.219849e+002
1.677505e+003, 2.206075e+002
1.679434e+003, 2.196173e+002
1.681362e+003, 2.185686e+002
1.683291e+003, 2.175783e+002
1.685219e+003, 2.168602e+002
1.687148e+003, 2.163875e+002
1.689076e+003, 2.162159e+002
1.691005e+003, 2.161552e+002
1.692933e+003, 2.163131e+002
1.694862e+003, 2.156453e+002
1.696790e+003, 2.143613e+002
1.698719e+003, 2.138574e+002
1.700647e+003, 2.135742e+002
1.702575e+003, 2.131040e+002
1.704504e+003, 2.120891e+002
1.706432e+003, 2.096136e+002
1.708361e+003, 2.086315e+002
1.710289e+003, 2.094522e+002
1.712218e+003, 2.098917e+002
1.714146e+003, 2.097269e+002
1.716075e+003, 2.076089e+002
1.718003e+003, 2.058997e+002
1.719932e+003, 2.062571e+002
1.721860e+003, 2.069314e+002
1.723789e+003, 2.077124e+002
1.725717e+003, 2.067991e+002
1.727646e+003, 2.047331e+002
1.729574e+003, 2.036817e+002
1.731502e+003, 2.033027e+002
1.733431e+003, 2.037262e+002
1.735359e+003, 2.033819e+002
1.737288e+003, 2.014883e+002
1.739216e+003, 2.014402e+002
1.741145e+003, 2.030867e+002
1.743073e+003, 2.025916e+002
1.745002e+003, 2.012488e+002
1.746930e+003, 2.009056e+002
1.748859e+003, 2.004663e+002
1.750787e+003, 1.995068e+002
1.752716e+003, 1.982529e+002
1.754644e+003, 1.969870e+002
1.756573e+003, 1.989358e+002
1.758501e+003, 2.014539e+002
1.760429e+003, 1.991676e+002
1.762358e+003, 1.968009e+002
1.764286e+003, 1.968391e+002
1.766215e+003, 1.974119e+002
1.768143e+003, 1.982331e+002
1.770072e+003, 1.987850e+002
1.772000e+003, 1.986289e+002
1.773929e+003, 1.963525e+002
1.775857e+003, 1.942114e+002
1.777786e+003, 1.940516e+002
1.779714e+003, 1.932221e+002
1.781643e+003, 1.915001e+002
1.783571e+003, 1.926057e+002
1.785500e+003, 1.949659e+002
1.787428e+003, 1.956754e+002
1.789356e+003, 1.953596e+002
1.791285e+003, 1.939887e+002
1.793213e+003, 1.924030e+002
1.795142e+003, 1.905698e+002
1.797070e+003, 1.918927e+002
1.798999e+003, 1.942751e+002
1.800927e+003, 1.934151e+002
1.802856e+003, 1.917435e+002
1.804784e+003, 1.901643e+002
1.806713e+003, 1.894918e+002
1.808641e+003, 1.898390e+002
1.810570e+003, 1.896693e+002
1.812498e+003, 1.889173e+002
1.814427e+003, 1.866208e+002
1.816355e+003, 1.854459e+002
1.818283e+003, 1.870769e+002
1.820212e+003, 1.879825e+002
1.822140e+003, 1.877519e+002
1.824069e+003, 1.865605e+002
1.825997e+003, 1.851132e+002
1.827926e+003, 1.847434e+002
1.829854e+003, 1.837278e+002
1.831783e+003, 1.811704e+002
1.833711e+003, 1.809018e+002
1.835640e+003, 1.824841e+002
1.837568e+003, 1.809127e+002
1.839497e+003, 1.790906e+002
1.841425e+003, 1.813851e+002
1.843354e+003, 1.815770e+002
1.845282e+003, 1.781505e+002
1.847210e+003, 1.784724e+002
1.849139e+003, 1.809453e+002
1.851067e+003, 1.793390e+002
1.852996e+003, 1.768712e+002
1.854924e+003, 1.753976e+002
1.856853e+003, 1.755428e+002
1.858781e+003, 1.772347e+002
1.860710e+003, 1.773759e+002
1.862638e+003, 1.769239e+002
1.864567e+003, 1.782408e+002
1.866495e+003, 1.785844e+002
1.868424e+003, 1.759818e+002
1.870352e+003, 1.750516e+002
1.872281e+003, 1.756006e+002
1.874209e+003, 1.751193e+002
1.876137e+003, 1.740481e+002
1.878066e+003, 1.723375e+002
1.879994e+003, 1.713084e+002
1.881923e+003, 1.713355e+002
1.883851e+003, 1.713411e+002
1.885780e+003, 1.713916e+002
1.887708e+003, 1.720319e+002
1.889637e+003, 1.722123e+002
1.891565e+003, 1.707852e+002
1.893494e+003, 1.703494e+002
1.895422e+003, 1.709751e+002
1.897351e+003, 1.713709e+002
1.899279e+003, 1.711215e+002
1.901208e+003, 1.694050e+002
1.903136e+003, 1.682328e+002
1.905064e+003, 1.683758e+002
1.906993e+003, 1.683306e+002
1.908921e+003, 1.677437e+002
1.910850e+003, 1.646040e+002
1.912778e+003, 1.628696e+002
1.914707e+003, 1.650635e+002
1.916635e+003, 1.651666e+002
1.918564e+003, 1.630904e+002
1.920492e+003, 1.636831e+002
1.922421e+003, 1.649912e+002
1.924349e+003, 1.656758e+002
1.926278e+003, 1.642348e+002
1.928206e+003, 1.604125e+002
1.930135e+003, 1.598302e+002
1.932063e+003, 1.609370e+002
1.933991e+003, 1.611114e+002
1.935920e+003, 1.606369e+002
1.937848e+003, 1.594279e+002
1.939777e+003, 1.604893e+002
1.941705e+003, 1.626680e+002
1.943634e+003, 1.610307e+002
1.945562e+003, 1.588418e+002
1.947491e+003, 1.583783e+002
1.949419e+003, 1.579667e+002
1.951348e+003, 1.575657e+002
1.953276e+003, 1.585706e+002
1.955205e+003, 1.593099e+002
1.957133e+003, 1.573295e+002
1.959062e+003, 1.560382e+002
1.960990e+003, 1.560179e+002
1.962918e+003, 1.565865e+002
1.964847e+003, 1.571750e+002
1.966775e+003, 1.574098e+002
1.968704e+003, 1.564439e+002
1.970632e+003, 1.534730e+002
1.972561e+003, 1.517214e+002
1.974489e+003, 1.511158e+002
1.976418e+003, 1.518594e+002
1.978346e+003, 1.522558e+002
1.980275e+003, 1.508550e+002
1.982203e+003, 1.508794e+002
1.984132e+003, 1.518963e+002
1.986060e+003, 1.512510e+002
1.987989e+003, 1.503440e+002
1.989917e+003, 1.498209e+002
1.991845e+003, 1.504596e+002
1.993774e+003, 1.520130e+002
1.995702e+003, 1.524621e+002
1.997631e+003, 1.514219e+002
1.999559e+003, 1.478510e+002
2.001488e+003, 1.467281e+002
2.003416e+003, 1.487070e+002
2.005345e+003, 1.477537e+002
2.007273e+003, 1.461633e+002
2.009202e+003, 1.466771e+002
2.011130e+003, 1.463369e+002
2.013059e+003, 1.446517e+002
2.014987e+003, 1.446427e+002
2.016916e+003, 1.453171e+002
2.018844e+003, 1.454135e+002
2.020772e+003, 1.453765e+002
2.022701e+003, 1.452717e+002
2.024629e+003, 1.439754e+002
2.026558e+003, 1.424564e+002
2.028486e+003, 1.425225e+002
2.030415e+003, 1.418876e+002
2.032343e+003, 1.400470e+002
2.034272e+003, 1.403639e+002
2.036200e+003, 1.414612e+002
2.038129e+003, 1.410159e+002
2.040057e+003, 1.403396e+002
2.041986e+003, 1.398057e+002
2.043914e+003, 1.384577e+002
2.045843e+003, 1.371044e+002
2.047771e+003, 1.373181e+002
2.049699e+003, 1.374396e+002
2.051628e+003, 1.369354e+002
2.053556e+003, 1.371138e+002
2.055485e+003, 1.373761e+002
2.057413e+003, 1.365001e+002
2.059342e+003, 1.359452e+002
2.061270e+003, 1.363192e+002
2.063199e+003, 1.354992e+002
2.065127e+003, 1.346007e+002
2.067056e+003, 1.356234e+002
2.068984e+003, 1.362641e+002
2.070913e+003, 1.358472e+002
2.072841e+003, 1.343179e+002
2.074770e+003, 1.327686e+002
2.076698e+003, 1.328017e+002
2.078626e+003, 1.328472e+002
2.080555e+003, 1.324813e+002
2.082483e+003, 1.324465e+002
2.084412e+003, 1.319408e+002
2.086340e+003, 1.295931e+002
2.088269e+003, 1.280441e+002
2.090197e+003, 1.279184e+002
2.092126e+003, 1.290762e+002
2.094054e+003, 1.300279e+002
2.095983e+003, 1.293227e+002
2.097911e+003, 1.276311e+002
2.099840e+003, 1.254754e+002
2.101768e+003, 1.261263e+002
2.103697e+003, 1.273162e+002
2.105625e+003, 1.273442e+002
2.107553e+003, 1.268261e+002
2.109482e+003, 1.261322e+002
2.111410e+003, 1.266560e+002
2.113339e+003, 1.271398e+002
2.115267e+003, 1.267491e+002
2.117196e+003, 1.269526e+002
2.119124e+003, 1.273305e+002
2.121053e+003, 1.260649e+002
2.122981e+003, 1.252943e+002
2.124910e+003, 1.260675e+002
2.126838e+003, 1.256725e+002
2.128767e+003, 1.247799e+002
2.130695e+003, 1.248765e+002
2.132624e+003, 1.249625e+002
2.134552e+003, 1.247766e+002
2.136480e+003, 1.243789e+002
2.138409e+003, 1.239424e+002
2.140337e+003, 1.235969e+002
2.142266e+003, 1.234311e+002
2.144194e+003, 1.234458e+002
2.146123e+003, 1.239005e+002
2.148051e+003, 1.243999e+002
2.149980e+003, 1.246744e+002
2.151908e+003, 1.249057e+002
2.153837e+003, 1.248932e+002
2.155765e+003, 1.236037e+002
2.157694e+003, 1.216674e+002
2.159622e+003, 1.190346e+002
2.161551e+003, 1.189652e+002
2.163479e+003, 1.200442e+002
2.165407e+003, 1.194950e+002
2.167336e+003, 1.183192e+002
2.169264e+003, 1.167930e+002
2.171193e+003, 1.179256e+002
2.173121e+003, 1.189154e+002
2.175050e+003, 1.165347e+002
2.176978e+003, 1.152314e+002
2.178907e+003, 1.155312e+002
2.180835e+003, 1.171715e+002
2.182764e+003, 1.174190e+002
2.184692e+003, 1.147838e+002
2.186621e+003, 1.139280e+002
2.188549e+003, 1.143329e+002
2.190478e+003, 1.146851e+002
2.192406e+003, 1.140182e+002
2.194334e+003, 1.123125e+002
2.196263e+003, 1.133008e+002
2.198191e+003, 1.145965e+002
2.200120e+003, 1.133827e+002
2.202048e+003, 1.123142e+002
2.203977e+003, 1.116674e+002
2.205905e+003, 1.113975e+002
2.207834e+003, 1.115644e+002
2.209762e+003, 1.124114e+002
2.211691e+003, 1.122132e+002
2.213619e+003, 1.109100e+002
2.215548e+003, 1.075559e+002
2.217476e+003, 1.061489e+002
2.219405e+003, 1.070596e+002
2.221333e+003, 1.070912e+002
2.223261e+003, 1.071307e+002
2.225190e+003, 1.081104e+002
2.227118e+003, 1.080902e+002
2.229047e+003, 1.075062e+002
2.230975e+003, 1.076180e+002
2.232904e+003, 1.075722e+002
2.234832e+003, 1.070983e+002
2.236761e+003, 1.062759e+002
2.238689e+003, 1.057138e+002
2.240618e+003, 1.060252e+002
2.242546e+003, 1.057715e+002
2.244475e+003, 1.051708e+002
2.246403e+003, 1.057472e+002
2.248332e+003, 1.055453e+002
2.250260e+003, 1.039500e+002
2.252188e+003, 1.042110e+002
2.254117e+003, 1.049590e+002
2.256045e+003, 1.046597e+002
2.257974e+003, 1.051479e+002
2.259902e+003, 1.059720e+002
2.261831e+003, 1.041231e+002
2.263759e+003, 1.034368e+002
2.265688e+003, 1.050441e+002
2.267616e+003, 1.042053e+002
2.269545e+003, 1.025891e+002
2.271473e+003, 1.019624e+002
2.273402e+003, 1.020899e+002
2.275330e+003, 1.027259e+002
2.277259e+003, 1.037517e+002
2.279187e+003, 1.031145e+002
2.281115e+003, 1.003337e+002
2.283044e+003, 9.954271e+001
2.284972e+003, 1.001352e+002
2.286901e+003, 1.025270e+002
2.288829e+003, 1.022711e+002
2.290758e+003, 1.004765e+002
2.292686e+003, 1.010451e+002
2.294615e+003, 1.007150e+002
2.296543e+003, 9.861195e+001
2.298472e+003, 9.868861e+001
2.300400e+003, 9.910046e+001
2.302329e+003, 9.805302e+001
2.304257e+003, 9.877528e+001
2.306186e+003, 1.002600e+002
2.308114e+003, 1.008378e+002
2.310042e+003, 9.931466e+001
2.311971e+003, 9.601215e+001
2.313899e+003, 9.619821e+001
2.315828e+003, 9.695402e+001
2.317756e+003, 9.684285e+001
2.319685e+003, 9.545585e+001
2.321613e+003, 9.481065e+001
2.323542e+003, 9.776808e+001
2.325470e+003, 9.927387e+001
2.327399e+003, 9.928199e+001
2.329327e+003, 1.008746e+002
2.331256e+003, 1.002980e+002
2.333184e+003, 9.674083e+001
2.335113e+003, 9.553748e+001
2.337041e+003, 9.520645e+001
2.338969e+003, 9.464571e+001
2.340898e+003, 9.384722e+001
2.342826e+003, 9.325392e+001
2.344755e+003, 9.418659e+001
2.346683e+003, 9.360001e+001
2.348612e+003, 9.177237e+001
2.350540e+003, 9.181879e+001
2.352469e+003, 9.226550e+001
2.354397e+003, 9.253417e+001
2.356326e+003, 9.159440e+001
2.358254e+003, 9.064678e+001
2.360183e+003, 9.077210e+001
2.362111e+003, 9.139940e+001
2.364040e+003, 9.197910e+001
2.365968e+003, 9.170002e+001
2.367896e+003, 9.071350e+001
2.369825e+003, 8.950706e+001
2.371753e+003, 9.066419e+001
2.373682e+003, 9.069338e+001
2.375610e+003, 8.807541e+001
2.377539e+003, 8.942391e+001
2.379467e+003, 9.070859e+001
2.381396e+003, 8.880058e+001
2.383324e+003, 8.606499e+001
2.385253e+003, 8.422923e+001
2.387181e+003, 8.580861e+001
2.389110e+003, 8.652637e+001
2.391038e+003, 8.606361e+001
2.392967e+003, 8.501170e+001
2.394895e+003, 8.417583e+001
2.396823e+003, 8.378403e+001
2.398752e+003, 8.290080e+001
2.400680e+003, 8.507661e+001
2.402609e+003, 9.181428e+001
2.404537e+003, 8.797822e+001
2.406466e+003, 8.300363e+001
2.408394e+003, 8.599003e+001
2.410323e+003, 8.658936e+001
2.412251e+003, 8.517345e+001
2.414180e+003, 8.352419e+001
2.416108e+003, 8.227706e+001
2.418037e+003, 8.175029e+001
2.419965e+003, 8.301498e+001
2.421894e+003, 8.366653e+001
2.423822e+003, 8.311374e+001
2.425750e+003, 8.134433e+001
2.427679e+003, 7.987209e+001
2.429607e+003, 7.936398e+001
2.431536e+003, 7.864666e+001
2.433464e+003, 7.814947e+001
2.435393e+003, 7.843491e+001
2.437321e+003, 7.842174e+001
2.439250e+003, 7.831853e+001
2.441178e+003, 7.857959e+001
2.443107e+003, 7.824354e+001
2.445035e+003, 7.766899e+001
2.446964e+003, 7.815191e+001
2.448892e+003, 7.742149e+001
2.450821e+003, 7.583416e+001
2.452749e+003, 7.706126e+001
2.454677e+003, 7.779782e+001
2.456606e+003, 7.714549e+001
2.458534e+003, 7.696862e+001
2.460463e+003, 7.705927e+001
2.462391e+003, 7.736610e+001
2.464320e+003, 7.527251e+001
2.466248e+003, 7.440964e+001
2.468177e+003, 7.733385e+001
2.470105e+003, 7.661028e+001
2.472034e+003, 7.495770e+001
2.473962e+003, 7.564841e+001
2.475891e+003, 7.433050e+001
2.477819e+003, 7.238771e+001
2.479748e+003, 7.257412e+001
2.481676e+003, 7.297714e+001
2.483604e+003, 7.342664e+001
2.485533e+003, 7.448929e+001
2.487461e+003, 7.458131e+001
2.489390e+003, 7.360122e+001
2.491318e+003, 7.175639e+001
2.493247e+003, 7.130645e+001
2.495175e+003, 7.224910e+001
2.497104e+003, 7.210458e+001
2.499032e+003, 7.126737e+001
2.500961e+003, 7.014880e+001
2.502889e+003, 7.129395e+001
2.504818e+003, 7.231750e+001
2.506746e+003, 7.210180e+001
2.508675e+003, 7.055251e+001
2.510603e+003, 6.933897e+001
2.512531e+003, 6.967908e+001
2.514460e+003, 7.045446e+001
2.516388e+003, 7.071854e+001
2.518317e+003, 6.908407e+001
2.520245e+003, 6.968942e+001
2.522174e+003, 7.097604e+001
2.524102e+003, 7.154894e+001
2.526031e+003, 6.989519e+001
2.527959e+003, 6.784646e+001
2.529888e+003, 6.772104e+001
2.531816e+003, 6.757388e+001
2.533745e+003, 6.709024e+001
2.535673e+003, 6.595951e+001
2.537602e+003, 6.570976e+001
2.539530e+003, 6.611898e+001
2.541458e+003, 6.644056e+001
2.543387e+003, 6.732034e+001
2.545315e+003, 6.834881e+001
2.547244e+003, 6.798290e+001
2.549172e+003, 6.843137e+001
2.551101e+003, 6.951389e+001
2.553029e+003, 6.981590e+001
2.554958e+003, 6.945460e+001
2.556886e+003, 6.876724e+001
2.558815e+003, 6.881185e+001
2.560743e+003, 6.857643e+001
2.562672e+003, 6.819584e+001
2.564600e+003, 6.927239e+001
2.566529e+003, 6.955040e+001
2.568457e+003, 6.871390e+001
2.570385e+003, 6.731620e+001
2.572314e+003, 6.648033e+001
2.574242e+003, 6.633403e+001
2.576171e+003, 6.663100e+001
2.578099e+003, 6.606699e+001
2.580028e+003, 6.457999e+001
2.581956e+003, 6.330373e+001
2.583885e+003, 6.319653e+001
2.585813e+003, 6.413217e+001
2.587742e+003, 6.298871e+001
2.589670e+003, 6.206768e+001
2.591599e+003, 6.188497e+001
2.593527e+003, 6.053041e+001
2.595456e+003, 6.013652e+001
2.597384e+003, 6.105864e+001
2.599313e+003, 6.069859e+001
2.601241e+003, 6.130036e+001
2.603169e+003, 6.298805e+001
2.605098e+003, 6.112626e+001
2.607026e+003, 6.083714e+001
2.608955e+003, 6.260503e+001
2.610883e+003, 5.904319e+001
2.612812e+003, 5.701683e+001
2.614740e+003, 5.789884e+001
2.616669e+003, 5.825887e+001
2.618597e+003, 5.826050e+001
2.620526e+003, 5.785355e+001
2.622454e+003, 5.625334e+001
2.624383e+003, 5.579599e+001
2.626311e+003, 5.650169e+001
2.628240e+003, 5.616476e+001
2.630168e+003, 5.648472e+001
2.632096e+003, 5.712434e+001
2.634025e+003, 5.548929e+001
2.635953e+003, 5.541764e+001
2.637882e+003, 5.633591e+001
2.639810e+003, 5.451819e+001
2.641739e+003, 5.346790e+001
2.643667e+003, 5.343143e+001
2.645596e+003, 5.376458e+001
2.647524e+003, 5.344354e+001
2.649453e+003, 5.298101e+001
2.651381e+003, 5.352039e+001
2.653310e+003, 5.505968e+001
2.655238e+003, 5.605973e+001
2.657167e+003, 5.402242e+001
2.659095e+003, 5.263741e+001
2.661023e+003, 5.219442e+001
2.662952e+003, 5.276286e+001
2.664880e+003, 5.089777e+001
2.666809e+003, 4.956793e+001
2.668737e+003, 5.187349e+001
2.670666e+003, 5.343999e+001
2.672594e+003, 5.349982e+001
2.674523e+003, 5.185613e+001
2.676451e+003, 5.089081e+001
2.678380e+003, 5.105615e+001
2.680308e+003, 5.228926e+001
2.682237e+003, 5.116585e+001
2.684165e+003, 5.050712e+001
2.686094e+003, 5.138089e+001
2.688022e+003, 5.111335e+001
2.689950e+003, 5.074240e+001
2.691879e+003, 5.063070e+001
2.693807e+003, 5.064354e+001
2.695736e+003, 4.979254e+001
2.697664e+003, 4.847690e+001
2.699593e+003, 4.905167e+001
2.701521e+003, 4.929626e+001
2.703450e+003, 4.911297e+001
2.705378e+003, 4.979354e+001
2.707307e+003, 4.868155e+001
2.709235e+003, 4.665331e+001
2.711164e+003, 4.559003e+001
2.713092e+003, 4.486226e+001
2.715021e+003, 4.464162e+001
2.716949e+003, 4.526084e+001
2.718877e+003, 4.621440e+001
2.720806e+003, 4.698040e+001
2.722734e+003, 4.720475e+001
2.724663e+003, 4.617882e+001
2.726591e+003, 4.533724e+001
2.728520e+003, 4.540391e+001
2.730448e+003, 4.342390e+001
2.732377e+003, 4.333694e+001
2.734305e+003, 4.574060e+001
2.736234e+003, 4.552004e+001
2.738162e+003, 4.570997e+001
2.740091e+003, 4.640055e+001
2.742019e+003, 4.578074e+001
2.743948e+003, 4.530013e+001
2.745876e+003, 4.466983e+001
2.747804e+003, 4.291603e+001
2.749733e+003, 4.213020e+001
2.751661e+003, 4.246162e+001
2.753590e+003, 4.395562e+001
2.755518e+003, 4.270427e+001
2.757447e+003, 4.185911e+001
2.759375e+003, 4.301322e+001
2.761304e+003, 4.353286e+001
2.763232e+003, 4.317063e+001
2.765161e+003, 4.223035e+001
2.767089e+003, 4.185592e+001
2.769018e+003, 4.173640e+001
2.770946e+003, 4.174368e+001
2.772875e+003, 4.213122e+001
2.774803e+003, 4.081951e+001
2.776731e+003, 3.913865e+001
2.778660e+003, 3.928520e+001
2.780588e+003, 3.819841e+001
2.782517e+003, 3.821434e+001
2.784445e+003, 4.157318e+001
2.786374e+003, 3.946690e+001
2.788302e+003, 3.798610e+001
2.790231e+003, 3.915846e+001
2.792159e+003, 3.947038e+001
2.794088e+003, 3.872705e+001
2.796016e+003, 3.783240e+001
2.797945e+003, 3.928679e+001
2.799873e+003, 3.861668e+001
2.801802e+003, 3.696214e+001
2.803730e+003, 3.605922e+001
2.805658e+003, 3.572943e+001
2.807587e+003, 3.628626e+001
2.809515e+003, 3.759932e+001
2.811444e+003, 3.692559e+001
2.813372e+003, 3.700946e+001
2.815301e+003, 3.800673e+001
2.817229e+003, 3.698572e+001
2.819158e+003, 3.626192e+001
2.821086e+003, 3.601360e+001
2.823015e+003, 3.602246e+001
2.824943e+003, 3.513806e+001
2.826872e+003, 3.484452e+001
2.828800e+003, 3.628028e+001
2.830729e+003, 3.463791e+001
2.832657e+003, 3.447047e+001
2.834585e+003, 3.635244e+001
2.836514e+003, 3.488675e+001
2.838442e+003, 3.425081e+001
2.840371e+003, 3.440108e+001
2.842299e+003, 3.384348e+001
2.844228e+003, 3.403056e+001
2.846156e+003, 3.434187e+001
2.848085e+003, 3.418190e+001
2.850013e+003, 3.382898e+001
2.851942e+003, 3.379829e+001
2.853870e+003, 3.410555e+001
2.855799e+003, 3.410615e+001
2.857727e+003, 3.280696e+001
2.859656e+003, 3.179547e+001
2.861584e+003, 3.351329e+001
2.863512e+003, 3.543632e+001
2.865441e+003, 3.518201e+001
2.867369e+003, 3.231837e+001
2.869298e+003, 3.364165e+001
2.871226e+003, 3.471540e+001
2.873155e+003, 3.431770e+001
2.875083e+003, 3.268244e+001
2.877012e+003, 3.260414e+001
2.878940e+003, 3.273568e+001
2.880869e+003, 3.133845e+001
2.882797e+003, 3.094497e+001
2.884726e+003, 3.126730e+001
2.886654e+003, 3.185124e+001
2.888583e+003, 3.163639e+001
2.890511e+003, 3.109286e+001
2.892439e+003, 3.051978e+001
2.894368e+003, 3.015783e+001
2.896296e+003, 3.020939e+001
2.898225e+003, 2.999496e+001
2.900153e+003, 2.916854e+001
2.902082e+003, 3.176851e+001
2.904010e+003, 3.205489e+001
2.905939e+003, 3.032697e+001
2.907867e+003, 3.016389e+001
2.909796e+003, 3.077037e+001
2.911724e+003, 3.061208e+001
2.913653e+003, 2.870778e+001
2.915581e+003, 2.915195e+001
2.917510e+003, 2.960837e+001
2.919438e+003, 2.965015e+001
2.921366e+003, 3.034228e+001
2.923295e+003, 3.126988e+001
2.925223e+003, 3.192648e+001
2.927152e+003, 3.194403e+001
2.929080e+003, 3.113595e+001
2.931009e+003, 3.009706e+001
2.932937e+003, 2.914811e+001
2.934866e+003, 2.842070e+001
2.936794e+003, 2.870944e+001
2.938723e+003, 2.884592e+001
2.940651e+003, 2.776703e+001
2.942580e+003, 2.902175e+001
2.944508e+003, 2.894057e+001
2.946437e+003, 2.726424e+001
2.948365e+003, 2.662617e+001
2.950293e+003, 2.573980e+001
2.952222e+003, 2.552750e+001
2.954150e+003, 2.707832e+001
2.956079e+003, 2.716698e+001
2.958007e+003, 2.611038e+001
2.959936e+003, 2.493586e+001
2.961864e+003, 2.601777e+001
2.963793e+003, 2.681301e+001
2.965721e+003, 2.717072e+001
2.967650e+003, 2.720737e+001
2.969578e+003, 2.649011e+001
2.971507e+003, 2.644417e+001
2.973435e+003, 2.664938e+001
2.975364e+003, 2.557327e+001
2.977292e+003, 2.560989e+001
2.979220e+003, 2.535260e+001
2.981149e+003, 2.410272e+001
2.983077e+003, 2.379358e+001
2.985006e+003, 2.320985e+001
2.986934e+003, 2.301524e+001
2.988863e+003, 2.438537e+001
2.990791e+003, 2.620842e+001
2.992720e+003, 2.584758e+001
2.994648e+003, 2.353398e+001
2.996577e+003, 2.335567e+001
2.998505e+003, 2.248358e+001
3.000434e+003, 2.155290e+001
3.002362e+003, 2.146258e+001
3.004291e+003, 2.288913e+001
3.006219e+003, 2.391131e+001
3.008147e+003, 2.371040e+001
3.010076e+003, 2.111375e+001
3.012004e+003, 2.211580e+001
3.013933e+003, 2.217320e+001
3.015861e+003, 1.953887e+001
3.017790e+003, 2.045073e+001
3.019718e+003, 2.064717e+001
3.021647e+003, 2.037097e+001
3.023575e+003, 2.061608e+001
3.025504e+003, 2.094641e+001
3.027432e+003, 2.125788e+001
3.029361e+003, 2.142196e+001
3.031289e+003, 2.123821e+001
3.033218e+003, 2.114942e+001
3.035146e+003, 2.098234e+001
3.037074e+003, 2.074273e+001
3.039003e+003, 2.137487e+001
3.040931e+003, 2.064254e+001
3.042860e+003, 1.992437e+001
3.044788e+003, 2.056162e+001
3.046717e+003, 2.033262e+001
3.048645e+003, 2.070947e+001
3.050574e+003, 2.105748e+001
3.052502e+003, 1.935064e+001
3.054431e+003, 2.013486e+001
3.056359e+003, 2.023503e+001
3.058288e+003, 1.900700e+001
3.060216e+003, 1.866651e+001
3.062145e+003, 1.865499e+001
3.064073e+003, 1.846209e+001
3.066001e+003, 1.786939e+001
3.067930e+003, 1.728913e+001
3.069858e+003, 1.816141e+001
3.071787e+003, 1.933637e+001
3.073715e+003, 1.924289e+001
3.075644e+003, 1.999758e+001
3.077572e+003, 1.926273e+001
3.079501e+003, 1.768859e+001
3.081429e+003, 1.730361e+001
3.083358e+003, 1.725693e+001
3.085286e+003, 1.822265e+001
3.087215e+003, 1.942643e+001
3.089143e+003, 1.796036e+001
3.091072e+003, 1.714511e+001
3.093000e+003, 1.804572e+001
3.094928e+003, 2.010636e+001
3.096857e+003, 1.889431e+001
3.098785e+003, 1.892012e+001
3.100714e+003, 1.924248e+001
3.102642e+003, 1.868625e+001
3.104571e+003, 1.667590e+001
3.106499e+003, 1.614393e+001
3.108428e+003, 1.596259e+001
3.110356e+003, 1.455265e+001
3.112285e+003, 1.332919e+001
3.114213e+003, 1.505168e+001
3.116142e+003, 1.756544e+001
3.118070e+003, 1.708260e+001
3.119999e+003, 1.700076e+001
3.121927e+003, 1.597818e+001
3.123855e+003, 1.481229e+001
3.125784e+003, 1.570120e+001
3.127712e+003, 1.556733e+001
3.129641e+003, 1.463704e+001
3.131569e+003, 1.407582e+001
3.133498e+003, 1.615145e+001
3.135426e+003, 1.529075e+001
3.137355e+003, 1.527654e+001
3.139283e+003, 1.650559e+001
3.141212e+003, 1.503966e+001
3.143140e+003, 1.406015e+001
3.145069e+003, 1.375644e+001
3.146997e+003, 1.390665e+001
3.148926e+003, 1.415601e+001
3.150854e+003, 1.416292e+001
3.152782e+003, 1.495797e+001
3.154711e+003, 1.610445e+001
3.156639e+003, 1.358610e+001
3.158568e+003, 1.457431e+001
3.160496e+003, 1.474600e+001
3.162425e+003, 1.292192e+001
3.164353e+003, 1.483877e+001
3.166282e+003, 1.522730e+001
3.168210e+003, 1.483831e+001
3.170139e+003, 1.460973e+001
3.172067e+003, 1.494308e+001
3.173996e+003, 1.550714e+001
3.175924e+003, 1.527852e+001
3.177853e+003, 1.420223e+001
3.179781e+003, 1.468189e+001
3.181709e+003, 1.403871e+001
3.183638e+003, 1.419827e+001
3.185566e+003, 1.550972e+001
3.187495e+003, 1.414754e+001
3.189423e+003, 1.326625e+001
3.191352e+003, 1.251581e+001
3.193280e+003, 1.215029e+001
3.195209e+003, 1.455240e+001
3.197137e+003, 1.588979e+001
3.199066e+003, 1.496322e+001
3.200994e+003, 1.276339e+001
3.202923e+003, 1.288804e+001
3.204851e+003, 1.382241e+001
3.206780e+003, 1.549865e+001
3.208708e+003, 1.669854e+001
3.210636e+003, 1.432152e+001
3.212565e+003, 1.409021e+001
3.214493e+003, 1.346942e+001
3.216422e+003, 1.252132e+001
3.218350e+003, 1.354820e+001
3.220279e+003, 1.497310e+001
3.222207e+003, 1.283161e+001
3.224136e+003, 1.178331e+001
3.226064e+003, 2.243584e+001
3.227993e+003, 1.475420e+001
3.229921e+003, 1.163669e+001
3.231850e+003, 1.339279e+001
3.233778e+003, 1.349294e+001
3.235707e+003, 1.168383e+001
3.237635e+003, 1.233937e+001
3.239563e+003, 1.324409e+001
3.241492e+003, 1.204270e+001
3.243420e+003, 1.157268e+001
3.245349e+003, 1.222172e+001
3.247277e+003, 1.223804e+001
3.249206e+003, 1.113264e+001
3.251134e+003, 1.172224e+001
3.253063e+003, 1.314913e+001
3.254991e+003, 1.330957e+001
3.256920e+003, 1.232439e+001
3.258848e+003, 1.288917e+001
3.260777e+003, 1.307989e+001
3.262705e+003, 1.300111e+001
3.264634e+003, 1.303433e+001
3.266562e+003, 1.358983e+001
3.268490e+003, 1.120823e+001
3.270419e+003, 1.081984e+001
3.272347e+003, 1.203166e+001
3.274276e+003, 1.297698e+001
3.276204e+003, 1.328796e+001
3.278133e+003, 1.141946e+001
3.280061e+003, 1.100910e+001
3.281990e+003, 1.342776e+001
3.283918e+003, 1.301105e+001
3.285847e+003, 1.084531e+001
3.287775e+003, 1.100669e+001
3.289704e+003, 1.264443e+001
3.291632e+003, 1.052015e+001
3.293561e+003, 1.325163e+001
3.295489e+003, 1.439814e+001
3.297417e+003, 1.378711e+001
3.299346e+003, 1.358046e+001
3.301274e+003, 1.269726e+001
3.303203e+003, 1.275419e+001
3.305131e+003, 1.263497e+001
3.307060e+003, 1.187811e+001
3.308988e+003, 1.211148e+001
3.310917e+003, 1.326778e+001
3.312845e+003, 1.335522e+001
3.314774e+003, 1.227713e+001
3.316702e+003, 1.118879e+001
3.318631e+003, 1.151869e+001
3.320559e+003, 1.229523e+001
3.322488e+003, 1.237716e+001
3.324416e+003, 1.146078e+001
3.326344e+003, 1.275866e+001
3.328273e+003, 1.116333e+001
3.330201e+003, 1.018156e+001
3.332130e+003, 1.087398e+001
3.334058e+003, 1.084422e+001
3.335987e+003, 1.061740e+001
3.337915e+003, 1.180875e+001
3.339844e+003, 1.317776e+001
3.341772e+003, 1.319393e+001
3.343701e+003, 1.249794e+001
3.345629e+003, 1.174432e+001
3.347558e+003, 1.189503e+001
3.349486e+003, 1.214482e+001
3.351415e+003, 1.003635e+001
3.353343e+003, 1.281121e+001
3.355271e+003, 1.226177e+001
3.357200e+003, 1.010617e+001
3.359128e+003, 1.036883e+001
3.361057e+003, 1.321081e+001
3.362985e+003, 1.251310e+001
3.364914e+003, 1.128067e+001
3.366842e+003, 1.096801e+001
3.368771e+003, 1.092477e+001
3.370699e+003, 1.093203e+001
3.372628e+003, 1.103080e+001
3.374556e+003, 1.133053e+001
3.376485e+003, 1.167493e+001
3.378413e+003, 1.105293e+001
3.380342e+003, 9.591208e+000
3.382270e+003, 1.015454e+001
3.384198e+003, 1.160485e+001
3.386127e+003, 1.108715e+001
3.388055e+003, 9.109797e+000
3.389984e+003, 1.016984e+001
3.391912e+003, 1.154156e+001
3.393841e+003, 1.168116e+001
3.395769e+003, 1.172803e+001
3.397698e+003, 1.281572e+001
3.399626e+003, 1.090797e+001
3.401555e+003, 9.921182e+000
3.403483e+003, 1.234803e+001
3.405412e+003, 1.190732e+001
3.407340e+003, 1.206585e+001
3.409269e+003, 1.160580e+001
3.411197e+003, 1.111012e+001
3.413125e+003, 1.173670e+001
3.415054e+003, 1.245309e+001
3.416982e+003, 1.268347e+001
3.418911e+003, 1.280492e+001
3.420839e+003, 1.292917e+001
3.422768e+003, 1.291898e+001
3.424696e+003, 1.141372e+001
3.426625e+003, 1.160648e+001
3.428553e+003, 1.203488e+001
3.430482e+003, 1.177564e+001
3.432410e+003, 1.179799e+001
3.434339e+003, 1.166279e+001
3.436267e+003, 1.060484e+001
3.438196e+003, 9.973092e+000
3.440124e+003, 1.029605e+001
3.442052e+003, 9.864199e+000
3.443981e+003, 1.013835e+001
3.445909e+003, 1.166362e+001
3.447838e+003, 1.170897e+001
3.449766e+003, 9.273176e+000
3.451695e+003, 9.658816e+000
3.453623e+003, 8.513981e+000
3.455552e+003, 8.725875e+000
##END=



